"ID","baseMean","log2FoldChange","lfcSE","stat","pvalue","padj"
"chr10:57634023-57634588",6.56474838300937,0.66657192682569,0.601375607547397,1.108411978238,0.2676839341646,0.789176177396716
"chr17:5524117-5530105",1.5256225633397,-2.14932421702997,1.77415840369926,-1.21146128358576,0.225718664328635,NA
"chr17:5537447-5571375",1.9787934952597,0.0806805608072989,1.19636905792955,0.0674378531211141,0.946233135331363,0.988190455432406
"chr2:45801786-45859187",3.64110227869731,0.810398306529092,0.855121842171792,0.947699224324438,0.343282595944897,0.841007582407382
"chr1:198429807-198432232",2.65344393850694,0.240436242313169,1.19397824822081,0.201374055743019,0.840406100187512,0.980781603302298
"chr9:110908611-110925546",2.75162506302531,1.53078337187226,1.14008132215268,1.34269664990376,0.179370219931531,0.688884069584028
"chr11:14700873-14721315",0.557673029817812,-0.141738032535224,3.47255293916965,-0.0408166657263735,0.967442053102063,NA
"chr16:26628565-26633439",5.64610011527884,-0.258471162844117,0.635023879123767,-0.407025895153371,0.683988969266479,0.93559772637995
"chr9:50898458-50906966",2.37143207273772,0.196288251411273,2.24403887101567,0.0874709676140464,0.930297161447335,0.988190455432406
"chr9:71915420-71927987",1.3018226112145,0.62373861459584,2.05209231876697,0.30395251173233,0.761164070580449,NA
"chr7:41322521-41326655",0.203048121098882,-0.859804127123077,3.52848718865857,-0.243675003238413,0.807482534415386,NA
"chr4:181396179-181412674",2.53326713781057,-0.769347279513896,1.09240145110428,-0.704271564941794,0.481263670886877,0.891574348704408
"chr1:221065774-221067559",1.54304928646155,-1.55220270878131,1.71986582152114,-0.902513841113755,0.366783972226099,NA
"chr5:105114416-105114740",6.03986253319309,0.13316493872307,0.622444424619751,0.213938680235461,0.830594876006612,0.977381039438815
"chr6:871525-894714",3.78147973903294,0.764683699209835,0.802287547422806,0.953129213666889,0.340524606076221,0.841007582407382
"chr3:3399474-3414759",1.13534316251384,1.11527808338214,2.21340891717198,0.503873493383729,0.614350278315923,NA
"chr5:136437825-136510629",0.568823637301987,0.890047716520358,3.45949424825671,0.257276830845684,0.796965076907267,NA
"chr2:35086861-35104742",2.16085645748492,1.88664775445048,1.32152431454677,1.42762999793729,0.153398384554434,0.66053247607824
"chr1:251455609-251463748",9.33296595997163,-0.0272109689354616,0.496943205295848,-0.0547566978388646,0.956332298732121,0.988190455432406
"chr5:161794861-161804292",1.4493457272596,-1.76071427142989,1.69775222007933,-1.03708553616123,0.299695995335972,NA
"chr13:75177963-75192743",2.06584677278843,1.33447506893795,1.26079519934978,1.05843920537306,0.289855253505734,0.815285250339026
"chr16:80780733-80793376",3.90511235158879,-1.13550236999731,2.15921278574456,-0.525887201805244,0.598966581632768,0.911576821824109
"chr15:48231960-48241781",0.547066708753919,2.88614447345738,3.47063354038728,0.831590094393926,0.405640355206257,NA
"chr8:33252442-33279218",13.4079182994511,0.578076181323414,0.414414432399865,1.39492289874121,0.163039091060253,0.677350595239973
"chr17:63265406-63279012",2.94173508350432,-2.30029090476534,1.21839095863979,-1.88797437181689,0.0590293910737794,0.429884188324905
"chr15:23840157-23871649",0.785627116487,-2.80859361935375,2.92144644454639,-0.961370907413586,0.336365706784527,NA
"chr6:76576170-76608864",1.93277099323656,0.817922533808177,1.41239002920907,0.579105287415692,0.562518132572861,0.903237156981145
"chr2:128599095-128636642",4.08703002366713,0.885067325697603,0.796804438509602,1.11077107872679,0.26666689826242,0.787879472138969
"chr8:33572918-33597389",6.01017163585021,0.271762060678814,0.634739740952018,0.428147228139852,0.668543934083222,0.930208821516241
"chr5:129413066-129528945",1.21622629426015,-0.396472171723487,1.96580542850113,-0.201684340665284,0.840163505374833,NA
"chr1:281834156-281857037",5.80799796413998,-1.14913982909071,0.671514548737817,-1.71126572201695,0.087032071098855,0.522340711369482
"chr6:135790445-135797661",3.80928417179543,0.285248781726308,0.8126339347377,0.351017560961664,0.725575173895173,0.946854791937773
"chr18:72189808-72194387",0.203048121098882,-0.859804127123077,3.52848718865857,-0.243675003238413,0.807482534415386,NA
"chr8:76897417-76904745",4.10963141359038,0.558104578665453,0.780071083368515,0.715453489514619,0.474328870595249,0.891574348704408
"chr8:67019992-67021657",2.37264096848297,1.50591090614698,1.26561282654753,1.18986697555442,0.234098680245355,0.751590562386689
"chrX:114972099-114978572",2.3060280748769,0.144063996368744,1.38216606569105,0.104230598583475,0.916986352055651,0.988190455432406
"chr5:160138672-160148528",22.0418990031821,-0.195475990290669,0.385128990696411,-0.507559791687453,0.611762094631612,0.914627885183078
"chr18:48443339-48537979",0.472039766242905,0.554468726230777,3.51784759113039,0.157615903437309,0.874759471091384,NA
"chr5:119128606-119129476",1.9273239482607,-1.93970672506921,1.5455525033853,-1.25502480234128,0.209469756418591,NA
"chr5:70552374-70557544",1.21830815657394,-0.95404856099514,2.13305079464331,-0.447269499343862,0.654680486418437,NA
"chr19:54803498-54815443",1.53461838353725,1.07536338479321,1.69536705359614,0.634295318239315,0.525888111322542,NA
"chr17:83567831-83589045",2.0208931251078,1.09179538984479,1.35038674444041,0.808505707227766,0.41879952191655,0.869632712935665
"chr13:95230647-95348984",1.1133345039725,0.377825289309989,2.06386847586942,0.183066553769047,0.854745798477862,NA
"chr1:220015523-220016193",2.13569783420863,-2.00686057010517,1.37122024318474,-1.46355815564983,0.143314712770186,0.633089265149851
"chr16:74219791-74228826",6.91999091362382,-0.530211651418542,1.22203166096625,-0.433877180399161,0.6643776314977,0.930208821516241
"chr8:46728894-46730691",0.360915828237786,2.25488764372646,3.51414447328908,0.641660484042647,0.52109365188249,NA
"chr4:50180977-50200342",8.01904310109234,-2.5181676857744,0.717384931773485,-3.51020431882937,0.000447762489115036,0.0291045617924774
"chr1:260498142-260507970",3.0778594253713,-0.0739917026058654,0.921051709522774,-0.0803339289649685,0.935971673993792,0.988190455432406
"chr8:57791873-57797597",0.966852773360272,-1.33648229735103,2.45926497016485,-0.54344786493724,0.586821477492709,NA
"chr6:22362488-22376735",5.09848852329743,0.232676592621158,0.737913191254354,0.315317025605192,0.752520959305147,0.950914892716259
"chr5:136420698-136510629",0.365775516203104,2.37520696897225,3.50692129276354,0.677291210918659,0.498221206248895,NA
"chr1:260487029-260507970",1.13438949165195,-0.176260402142027,2.05340648308023,-0.085838046969456,0.931595160973481,NA
"chr2:33252541-33258660",4.81239256748019,1.88589617047798,0.782460674454642,2.410212081,0.0159432497057576,0.213358194591756
"chr5:129413066-129475869",0.948238611135819,-0.819833803000816,2.29255895499157,-0.357606421076238,0.72063787236188,NA
"chr1:244630341-244757847",1.51114863722596,-3.74811828787552,1.70614749773009,-2.19683133660023,0.0280324941569669,NA
"chr7:18416266-18417952",3.25561830745361,-2.50380126421336,1.14538304009869,-2.18599470793423,0.0288159925045096,0.320291248248205
"chr18:48443339-48521166",33.9795988516474,-0.0692702696066397,0.265979101869883,-0.260435008313273,0.794528241638335,0.959320979318533
"chr7:137216397-137281978",2.08592379761989,-1.5745619977345,1.48743011235488,-1.05857880962331,0.289791641665277,0.815285250339026
"chr16:20606480-20606895",1.11760816165261,3.95823380179096,2.17398524643598,1.82072707635899,0.0686483541801575,NA
"chr17:90409044-90424571",0.406096242197765,-1.85312761238262,3.45765304318415,-0.535949555735665,0.591993414045526,NA
"chr12:5625442-5634452",0.570137739533176,0.885636917738809,3.45685353842552,0.256197408393006,0.797798409671072,NA
"chr1:165646261-165654319",12.8569939656854,0.702406680798594,0.460046448079519,1.5268168762759,0.126806553872183,0.596865331157001
"chr1:246648294-246657760",2.98698604232362,1.38291631452031,1.11404943255685,1.24134196751609,0.214479447402941,0.730387344591381
"chr4:99275917-99277560",1.82693966473566,0.519961441596443,2.99275228665973,0.173740220302958,0.862069626965034,NA
"chrX:75174388-75174831",5.80665861258425,2.20919941930228,0.741817427366134,2.978090481301,0.00290050345298209,0.0791837442664112
"chr6:21351085-21354603",0.607849691046106,1.00967179746459,3.37654116993786,0.299025466194204,0.764920614816617,NA
"chr18:81724770-81726644",2.30317514079246,0.87831986839665,1.27922551439238,0.686602837822417,0.492333039702866,0.891574348704408
"chr10:48418262-48419844",0.418430247576546,-1.89248775695908,3.45567552905122,-0.547646253547038,0.583934823273292,NA
"chr5:36040325-36054615",8.8830800730452,0.187806894626798,0.515457025921803,0.364350246833747,0.715596483034858,0.946854791937773
"chr18:301858-306376",0.751471530709605,-2.74861945734177,2.98604149727753,-0.920489370240761,0.357317085317802,NA
"chr12:8442273-8443772",2.26979040567459,-4.33868590734905,1.40191198134089,-3.09483474361866,0.0019692258292176,0.0610907558382278
"chr7:140415223-140417547",1.69794850888417,0.505667513626596,1.76824474485688,0.285971449991514,0.774899988408001,NA
"chr6:12179226-12179776",8.42487790762837,0.358197322148027,0.51713486747349,0.692657456841062,0.488524543433789,0.891574348704408
"chr4:96736381-96787475",9.40742374180221,-0.0280990543265536,0.499279989127223,-0.0562791518556006,0.955119426916647,0.988190455432406
"chr2:22264781-22267377",2.08157234666688,3.21821391780334,1.56325916906961,2.05865667157334,0.0395271396865126,0.384652629842431
"chr14:106488333-106500203",1.38946328244313,-3.62983510822206,1.77714196166311,-2.04251274604148,0.0411006963953548,NA
"chr6:103389817-103393554",1.09815915379864,-0.247155459322278,2.2581362840863,-0.109451081878472,0.912844719591844,NA
"chr15:2965953-2966833",2.00525247919084,0.983029921205434,1.27965288551052,0.768200448993829,0.442368106805312,0.875934206247928
"chr9:84367943-84370769",0.209215123788273,-0.864529267836178,3.52826081804341,-0.245029863839715,0.806433308056728,NA
"chr15:2849126-2867333",14.1533357613739,0.00859681261908747,0.40369642048697,0.0212952411337146,0.983010140004814,0.989534543588917
"chr1:1841452-1846589",3.22135124686389,0.831423513200492,0.896353964787255,0.927561594930665,0.353635027103939,0.841007582407382
"chr5:122580014-122593611",0.204362223330072,-0.864529267836178,3.52826081804341,-0.245029863839715,0.806433308056728,NA
"chr6:3324175-3334117",2.41827756315226,-0.195408463784697,1.16076826602656,-0.168344078231568,0.866312599224269,0.984990341532587
"chr17:79573257-79644806",2.46938770382161,1.60172858794816,1.31648228537641,1.21667310357328,0.223728616388235,0.741368556801169
"chr8:70203322-70206310",24.7656641976283,0.08423640657671,0.294603064951708,0.285931874437621,0.774930300177592,0.955627284144572
"chr19:34292209-34312530",2.67196847411712,0.521455191767305,1.16072430185046,0.449249826970959,0.653251447042829,0.928913526315867
"chr11:64795077-64800821",0.683993942989274,-2.60963784915952,2.84415734481611,-0.917543417179775,0.358857952571986,NA
"chr2:209143856-209152642",6.35794929267131,0.719333001415896,0.670177367851397,1.07334720019283,0.283115365003095,0.815285250339026
"chr2:34476081-34503654",2.75905310303273,1.06813422463453,1.05660144317667,1.01091497795345,0.312057124648947,0.831949170206665
"chr4:632256-642336",3.01028017228048,-0.203594380644744,0.997455291456091,-0.204113790752,0.838264577736236,0.980781603302298
"chr11:34611539-34614139",27.7107628585593,0.827916173803859,0.313454320776631,2.64126578875215,0.00825968935347527,0.146421765811607
"chr14:113906516-113922713",2.81323085746188,-0.45547343939935,0.977221283866197,-0.466090379854757,0.64115080897854,0.927546428215114
"chr9:66751637-66774536",1.80858772979593,0.85245816233635,1.57613935740245,0.540852024494356,0.588609580887439,NA
"chr2:172312783-172350004",2.76378387593637,-0.827786662539216,1.03858962359177,-0.797029590644734,0.425433846084811,0.869846168564453
"chr9:81258380-81275269",17.2795669755042,-0.0641755112938021,0.367342484928834,-0.17470212111794,0.861313700997961,0.984990341532587
"chr5:103106261-103201011",10.5322542188315,-0.278415906294201,0.472354763461067,-0.589421188968593,0.555578765947554,0.903237156981145
"chr15:25320488-25335135",1.71359532044114,-2.07865518285891,1.69408969208928,-1.22700420914276,0.219821008901538,NA
"chr18:72571325-72611211",2.16766776568692,0.231883799492462,1.29874105182817,0.17854506036138,0.858294936603992,0.984990341532587
"chr10:38622808-38633058",8.93445762694192,-0.25375189105545,0.504762287496683,-0.502715629398359,0.615164219487509,0.915965166506159
"chr18:27977700-27984766",1.40826202668862,-0.218361156193275,1.78492647117096,-0.122336219289764,0.902632748568444,NA
"chr5:167486001-167558250",3.6457259187874,-0.285330363193091,0.862968899865504,-0.330638060349058,0.740917893642251,0.948776041121522
"chr6:78285568-78353348",0.76832617266674,-0.255013300106849,2.78141541406191,-0.0916847223962255,0.926948536022204,NA
"chr12:628708-632694",5.87292494258667,-0.755071302500084,0.712704068089582,-1.05944575919718,0.289396819300093,0.815285250339026
"chr6:129864989-129878486",0.243850344135403,1.96009575073012,3.52690144366078,0.5557557482229,0.5783778404602,NA
"chr4:133205267-133215619",1.8203235173425,-0.800672731843392,1.4376746335117,-0.5569220692777,0.577580675372519,NA
"chr13:106507146-106507561",2.7056105720762,-2.917791394468,1.28577404117072,-2.26928783832911,0.0232508276246315,0.268960844979848
"chr10:96672236-96722491",1.62803670478249,-1.98080290949449,1.71382324724125,-1.15578016150907,0.247771089618214,NA
"chr14:85057352-85061960",5.50722230557104,-1.2080373646951,0.741609510517306,-1.62893995770421,0.103325730185811,0.54038169235108
"chr13:101729059-101732557",6.03898294528136,-0.754991049707387,0.641064927984112,-1.17771385822264,0.238910700220212,0.751590562386689
"chr9:1473647-1485363",9.35848077324295,0.367736844257832,0.486824242463776,0.755379071503808,0.450021566915842,0.878445961333827
"chr8:127289436-127301219",6.4693293016901,0.614761651326517,0.642825031037884,0.956343673073748,0.338898632162951,0.841007582407382
"chr8:116550008-116559036",0.412263244887155,-1.87291735839108,3.4566521785029,-0.541829857814118,0.587935720575091,NA
"chr17:18369555-18375993",1.15669256909243,3.99811874082512,2.32409937803153,1.72028734167618,0.0853802232545246,NA
"chr2:188055409-188059148",2.65236091021649,0.064343820617541,2.18856977902147,0.0293999401957884,0.976545620502081,0.988190455432406
"chr9:67331634-67341341",0.934599153505091,1.88706348921562,2.73615023625946,0.689678316712387,0.490396504615942,NA
"chr12:8323968-8356308",2.48534218336742,-4.47687902458528,1.39546360285776,-3.20816610008107,0.00133584323864159,0.0506507227984935
"chr9:70787138-70787910",0.609144363296647,-2.43914864856151,3.4330417157787,-0.710491992378324,0.477399094879153,NA
"chr12:24285582-24285875",2.12748330962349,1.31966708317985,1.3341217078217,0.989165437787937,0.322582205438689,0.836168895446201
"chr11:36400178-36406937",0.209215123788273,-0.864529267836178,3.52826081804341,-0.245029863839715,0.806433308056728,NA
"chr1:127025462-127025957",18.7647131758519,0.721136292948693,0.359810073690653,2.00421373851998,0.0450471695122613,0.387176620034621
"chr10:73854212-73857079",1.23301512420352,-1.41177930928942,1.9770556199249,-0.714081736022706,0.475176638889379,NA
"chr6:894593-907083",1.2684749042996,-0.585875624020154,1.89659649997887,-0.308908945063793,0.757390792202337,NA
"chr4:66214543-66219277",1.94944840457107,-0.303147669846957,1.40883435701858,-0.215176232987735,0.829629920245366,0.977381039438815
"chr10:91965974-91973005",1.45770319935214,4.3347295568463,1.87912269471484,2.30678367572166,0.021066882737932,NA
"chr17:37911319-37913118",3.58374484496944,-1.56635174936103,0.943552054384985,-1.66005864973925,0.0969026543792275,0.534692886869162
"chr3:175512077-175516165",1.14570849439155,-0.838003525875968,2.20460664165586,-0.380114760629838,0.703860229303388,NA
"chr2:227687641-227702229",0.243850344135403,1.96009575073012,3.52690144366078,0.5557557482229,0.5783778404602,NA
"chr4:66193731-66214585",6.89212751234191,0.236268610161582,0.652157659000073,0.362287564825725,0.717137149760493,0.946854791937773
"chr12:47290206-47292049",1.23082448620535,-3.45089349992732,2.05566936035139,-1.67872011252696,0.093206604290601,NA
"chr3:94736244-94745177",8.35939445886692,-0.445803060085413,0.536358510337531,-0.831166191070351,0.405879751247239,0.865944412820686
"chr3:150384228-150387116",4.47150323968526,-2.74280871485723,0.952005569009379,-2.88108473746776,0.00396309077741471,0.0999946077155726
"chr9:75222546-75230161",3.24003640805263,1.65020160274274,0.913125847702727,1.80720062507744,0.070731003522067,0.461951290945557
"chr2:4143950-4174344",0.988675237585882,-3.13956402918536,2.34188458278337,-1.34061432927405,0.18004570246756,NA
"chr5:105185997-105187360",16.0279875309202,0.556198546817051,0.39126035221659,1.4215561164479,0.155155151919508,0.661833694906649
"chr14:45668936-45691895",4.80031513336134,-0.881634935322038,0.819929962980439,-1.07525639399407,0.282259953337332,0.814783998617119
"chr4:66463926-66473208",3.30532349276564,0.201242592681254,0.871017964793284,0.231042987418767,0.817281406212052,0.970932359467709
"chr2:2903491-2918203",16.704264711429,0.222045856913123,0.362843259404738,0.611960815470019,0.540563683156868,0.899093917159841
"chr8:6135492-6161740",1.03730474947701,-1.46957832245008,2.17231730490671,-0.676502608127587,0.498721590687886,NA
"chr13:109457218-109588736",3.16670870534565,0.216228123374513,1.12638614716775,0.191966248802163,0.847768643251227,0.983503130623227
"chr10:4624614-4629886",10.9516911610152,0.391049024401002,0.456321660768559,0.85695915408087,0.391467458842661,0.854964930112371
"chr10:48460656-48484868",1.55401439753376,0.0788907811753031,1.55361444843591,0.0507788668255022,0.959501730978298,NA
"chr8:67801800-67812158",2.76883985764329,-1.98853650335966,1.12799479455358,-1.76289510639687,0.0779181825592845,0.481259362866169
"chrX:52581092-52679268",2.14874679226723,0.131863929432722,1.31406635587608,0.100347999051242,0.92006805203887,0.988190455432406
"chr10:48659695-48684279",1.65417003497911,-1.65818758790298,1.54819280772786,-1.07104721041596,0.284148202571193,NA
"chr3:118399578-118409116",1.4564662075547,2.66207363786499,1.82051371545827,1.46226508224624,0.14366858314439,NA
"chr2:227687641-227700240",1.21369145805283,0.091241275040729,1.96414494643315,0.0464534326788975,0.962948849326737,NA
"chr8:26267895-26271172",3.71251137084499,-2.74666402880804,1.07264733656993,-2.56064032899315,0.0104479459092652,0.17264344127198
"chr12:6404013-6419916",1.75884250623417,2.94241696667112,1.69047656251517,1.74058430144293,0.0817564713595693,NA
"chr6:122735612-122745664",0.935780688927573,-1.27567554744967,2.30035939343485,-0.554554888723219,0.579199152180525,NA
"chr1:259479327-259488326",1.86741625136588,-0.344957377018533,1.53786177529328,-0.224309741330781,0.822516296837854,NA
"chr3:177140837-177145025",0.36471113916928,2.25488764372646,3.51414447328908,0.641660484042646,0.521093651882491,NA
"chr17:65855661-65896119",1.65240440044727,2.80814743938701,1.88089735269378,1.49298282299416,0.13544168326303,NA
"chr19:57064910-57073804",0.306543334995108,-1.44531416743121,3.48156347565664,-0.415133654042775,0.678044064140115,NA
"chr17:24032670-24045965",10.5430386870279,0.0639794855806969,0.494236404880951,0.129451179534433,0.897000652908862,0.987210557820386
"chr16:7060974-7067145",0.92251175209674,-3.03567584904284,2.4370124276514,-1.24565464443215,0.212891211575476,NA
"chr14:6612028-6622491",4.51708733554811,0.569416918299477,0.795457991308528,0.715835310627513,0.474093046209749,0.891574348704408
"chr2:231078900-231128709",5.87577475597563,0.953045051099675,0.631208743823945,1.50987301811759,0.131075828730767,0.608566347678561
"chr14:81267948-81280976",4.685447357629,0.367116959594443,0.82673032018858,0.44405890364672,0.656999997698344,0.928913526315867
"chr18:1337228-1346489",0.690817996794259,-2.62269713480751,2.8320386967548,-0.926080966977192,0.354403904374577,NA
"chr1:217779008-217782988",10.9342990694463,2.31743809592759,0.549992074885264,4.21358452557893,2.51349461279473e-05,0.00474642233373938
"chr14:106153575-106167943",1.97252102857399,-1.47195446329315,1.50254586920555,-0.979640284839644,0.327263712183381,0.838114384859878
"chr17:79761095-79789485",6.92684178603673,-0.0360036201749041,0.572405706327672,-0.0628987792694958,0.949847106923444,0.988190455432406
"chr8:23508992-23560371",15.7564828549855,0.666647131435952,0.402181409999035,1.65757818452512,0.0974026359472664,0.534692886869162
"chr5:172949060-172965700",1.89410739298587,0.433107216050365,1.43450606671241,0.301920797757905,0.762712440854892,NA
"chr2:23399715-23410608",18.2756049756011,-0.253419443852486,0.396539676469896,-0.639077143827055,0.522772747949363,0.897055804749136
"chr4:29740458-29769899",1.13172687588501,-3.32956130524084,2.15755500765362,-1.5432103902008,0.122779737138893,NA
"chr2:62955690-62956953",0.769262983919139,3.42975299958348,2.93330882994396,1.16924374432439,0.242305441262073,NA
"chr17:79563596-79575914",1.92932735579709,0.396769056572493,3.06403957223292,0.129492144999729,0.896968240005562,0.987210557820386
"chr18:4217010-4246828",2.5926947261381,-0.738849412092543,1.09783013527951,-0.673008863893532,0.500941651806122,0.891574348704408
"chr14:28786814-28836518",0.725626967407065,3.29452902837999,3.05289196789085,1.07915021659154,0.280520768331241,NA
"chr12:51582921-51584301",10.3420395119396,-0.72862635652329,0.494505811922764,-1.47344346407215,0.14063149777922,0.627931900031932
"chr5:75968777-75975620",2.72836718178525,1.08446250555277,1.06530641595964,1.01798176497029,0.308686622016678,0.831836523128894
"chr19:22113525-22179584",2.01581888926418,-2.60001397695608,1.47421940237508,-1.76365469940719,0.0777901323709336,0.481259362866169
"chr4:66322916-66331714",1.79258513624448,-3.99626519263802,1.55595046670136,-2.56837558660217,0.0102176382452933,NA
"chr13:78836820-78847234",1.50064469615226,-0.367682698251613,1.58616685490645,-0.231805813565117,0.81668884146321,NA
"chr4:152214416-152266040",0.744192180022304,-2.73563100100257,3.00014962731271,-0.911831522034093,0.361857413883729,NA
"chr18:69642130-69657373",6.67305163709992,-0.656871139374643,0.603761353401422,-1.08796486504811,0.276610618576332,0.80506075555798
"chr4:115104274-115142108",1.2811151680887,-3.51406011418734,2.00462732218802,-1.75297426872931,0.0796064239616379,NA
"chr9:51400307-51404424",0.981336607386507,-0.883097855167707,2.2566098970936,-0.391338288600565,0.695547200741927,NA
"chr6:43309180-43321981",0.716835426535479,-2.67294150846202,3.0709711256382,-0.870389658224657,0.38408749642331,NA
"chr3:133108204-133122763",4.04689399803219,0.761748861145562,0.818121552414751,0.931094968586513,0.351804441032487,0.841007582407382
"chr15:41008529-41011344",4.72280392003025,0.307547207429421,0.764624773385528,0.402219779078952,0.687522287049203,0.93559772637995
"chr10:77765225-77772738",4.49737304343668,1.01776789838478,0.756515824957331,1.34533590020034,0.178516785100083,0.688884069584028
"chr13:69016108-69031223",2.45990682578345,-0.699636265525187,1.08580001449903,-0.644350945093685,0.519347886857476,0.897055804749136
"chr13:81156728-81162420",1.62897351603489,-0.0919922634256155,1.50461598357944,-0.0611400280400907,0.951247690995885,NA
"chr10:66595570-66597359",3.77178411721511,0.860801844370634,0.872459344422808,0.986638345813252,0.323819964816311,0.836168895446201
"chr18:81418662-81428974",2.93185551778909,-2.59146249329171,1.17865171857211,-2.19866687712564,0.0279016178182578,0.315366886172927
"chr9:38321692-38326937",8.49455134925124,0.556165033785506,0.523874598254592,1.06163771948191,0.288400183097278,0.815285250339026
"chr1:166208849-166259335",3.19988623510442,-0.586165156998811,0.957552033484203,-0.612149665502727,0.540438740353431,0.899093917159841
"chr4:87186852-87193410",1.32973975494484,-0.254406668494201,1.86531374454958,-0.136388138047861,0.891514450519626,NA
"chr14:69800154-69819258",10.7926389023299,-0.223019923207974,0.45718601506798,-0.487810028867161,0.625684407116877,0.920322430726872
"chr14:4154610-4182331",4.5523429371163,-3.75596106450371,1.18607806294291,-3.16670646043682,0.00154175859757731,0.0540110862737071
"chr1:253120469-253134791",3.70495684683072,0.103028058240204,0.786073916942094,0.131066628747832,0.895722599791313,0.987210557820386
"chr14:79953865-79974054",1.58829143762312,1.09030581499729,1.6843926154992,0.647299094620024,0.517438387383052,NA
"chr8:130006477-130031678",4.39553703393108,0.0347828443805926,0.740453668402662,0.0469750449823925,0.962533116785276,0.988190455432406
"chr2:188301023-188309036",25.0984382251264,-0.16907180677967,0.304364237304512,-0.555491697306463,0.578558387569044,0.903237156981145
"chr1:46877133-46894154",1.10111008833463,-3.29348715555124,2.19951459984171,-1.49736999053712,0.134297012323336,NA
"chr11:89499074-89505391",0.243850344135403,1.96009575073012,3.52690144366078,0.5557557482229,0.5783778404602,NA
"chr3:80718406-80732927",2.33940529475544,-0.934410476378818,1.13570199910552,-0.822760263796982,0.410644337541866,0.867692756570661
"chr3:60744743-60756038",2.85533752113272,-0.788466770757586,1.03980801762072,-0.758281103238412,0.448282717400087,0.878445961333827
"chr3:59670519-59680308",1.35515895361814,0.0167750478064251,1.99820660008998,0.00839505174573524,0.993301796503125,NA
"chr8:116609560-116615939",1.93869003534232,-1.94796287064902,1.53982055190915,-1.26505836555684,0.205850406205428,0.721314255917885
"chr12:24271680-24273857",2.1283466593941,1.68034704613612,1.45669334630612,1.15353519695627,0.248690779519936,0.766281973012894
"chr5:144904225-144907761",2.34593243353961,-0.689041851700384,1.15542210343156,-0.596355089325324,0.550938036082366,0.903237156981145
"chr12:24513410-24524704",6.40500092238209,-0.0449804096220506,0.584441598299866,-0.0769630528574593,0.938652937302772,0.988190455432406
"chr9:53492939-53508890",2.52407327938097,0.367272027750343,1.11526974340549,0.329312285141777,0.741919659324469,0.948776041121522
"chr11:34612627-34614139",105.396964390882,0.592261635123854,0.187043401981222,3.16643960091847,0.00154317389353449,0.0540110862737071
"chr11:34612627-34631134",27.7728185734211,-0.822938420974403,0.857998988873152,-0.959136819094862,0.337489824105334,0.841007582407382
"chr3:61781151-61813898",3.02542423237671,0.381739042417239,0.992072868437891,0.384789317964437,0.70039351395792,0.941908518770997
"chr4:176830200-176879489",0.723002429224869,-2.68441635096218,3.05018048714744,-0.880084428535792,0.378813573955435,NA
"chr5:29851601-29865341",2.46957498950848,-1.04166795696398,1.12592169996761,-0.925169092125989,0.354877958048224,0.841007582407382
"chr1:140044382-140142798",1.59487857425904,-1.92503310322561,1.74235954025054,-1.10484263365574,0.269227783333038,NA
"chr3:50948203-50963230",1.74503303052661,-2.12051367241522,1.55066142317782,-1.36748979546392,0.171471833649118,NA
"chr10:13767446-13810899",8.10209777223984,-1.63490173576634,2.56254069704834,-0.638000300892586,0.523473484221169,0.897055804749136
"chr2:34574151-34576926",0.783621021315561,1.6805381809454,2.7536226243599,0.610300832829645,0.54166254535376,NA
"chr9:11217254-11219449",11.7360237382096,1.07021927764468,0.462028000164519,2.31635155718613,0.0205390814422747,0.245928475164079
"chr9:73752937-73799430",5.92081182881094,-1.04637117126532,0.657208787005981,-1.59214421954434,0.111352303250269,0.555048231676242
"chr7:97702398-97703700",0.974336999507787,3.75630649463075,2.58263885369827,1.4544451266393,0.145822936455275,NA
"chr13:68736732-68756721",4.23180122205342,-0.0126864296550598,0.74647593583705,-0.0169950952817173,0.986440528606215,0.991551464026916
"chr19:25861153-25886887",1.9087600626609,-1.04593722118502,1.3133612191404,-0.796381989921703,0.425810043076822,NA
"chr11:79309778-79361614",1.09233431116351,-0.714970286529299,2.09103937842121,-0.341921005365819,0.732410341334819,NA
"chr6:125523808-125553497",2.72025578593812,-0.307167385980046,1.07297196439847,-0.286277177943088,0.774665836346067,0.955627284144572
"chr13:69077866-69083366",8.18879682341555,-1.03581828186354,0.597960733155936,-1.73225134098132,0.0832288214767167,0.504921516958748
"chr2:197722898-197836197",40.988105414563,-0.262673315825541,0.265923986153321,-0.987775941633537,0.32326239258459,0.836168895446201
"chr3:107229486-107246956",0.615311365986037,-2.45246511918576,3.28591136195593,-0.746357661250465,0.455451388009246,NA
"chr8:87268950-87273285",3.05075936331199,-0.788476817708659,0.953428068045143,-0.826991405156877,0.408241933020966,0.865944412820686
"chr1:78369712-78370333",1.9937362460539,0.619113181284238,1.49290809395045,0.41470280976639,0.678359475215255,0.933084957631826
"chr4:64894605-64899587",4.44129136510678,-1.39113450247958,0.838153103046607,-1.65976179939314,0.0969623814762352,0.534692886869162
"chr9:50892486-50906966",5.2755494931151,-0.0724411358355907,0.73348867792375,-0.098762445850761,0.92132688653688,0.988190455432406
"chr4:7695555-7707693",2.49687294027586,-1.86022236877898,1.2237579030261,-1.52009017811369,0.128488312791338,0.60063885945266
"chrX:128186178-128198293",0.690817996794259,-2.62269713480751,2.8320386967548,-0.926080966977192,0.354403904374577,NA
"chr4:82682367-82692626",10.3588988870367,-0.949401405987465,0.490934230527644,-1.93386679304695,0.0531295078867191,0.409575719403896
"chr2:231383147-231409493",2.31504324347268,-0.525827147733058,1.25179558912833,-0.420058316469393,0.674442852559302,0.931342366758454
"chr20:21662942-21673084",1.35435672850351,0.436157210604567,1.82954983037422,0.238395917598677,0.811574033451739,NA
"chr14:22107412-22113789",0.900033120582532,-3.00275951886328,2.46774419229361,-1.21680339811575,0.223679026831537,NA
"chr1:217801085-217816442",0.403487467716034,2.49800990792293,3.49703743092972,0.714321752987018,0.475028244104806,NA
"chr19:32512909-32528958",1.54944976211713,-2.0922092584452,1.75799896368193,-1.1901083570967,0.23400380601059,NA
"chr6:115474914-115513406",1.55770062912115,-1.56741943904943,1.71788493229208,-0.912412356372505,0.361551687352561,NA
"chr5:12171585-12172003",5.06233418461414,0.840749440610741,0.686241111073451,1.22515166614778,0.220518081616398,0.741368556801169
"chr2:238009644-238038227",1.62466177797496,-1.97141077843516,1.7327482593735,-1.13773640675764,0.255230566343965,NA
"chr17:79775882-79789485",1.17038052902889,-0.41187341569691,2.17409351694023,-0.189446043828221,0.849743240024934,NA
"chr5:13064947-13076754",0.89118815598684,3.64388029175678,2.70326984186825,1.34795285151351,0.177673547608497,NA
"chr16:3060713-3072642",17.2536010912016,-0.502151904953816,0.379877379476415,-1.32187893273859,0.186208468711989,0.69828175766996
"chr18:48505040-48521166",2.84075960529847,0.662516262173203,0.974891219152293,0.679579679412116,0.496770639971053,0.891574348704408
"chr5:12156802-12172003",3.74528751516362,0.00671195833540868,0.787505858352831,0.00852305829120763,0.993199665710962,0.996118694853389
"chr2:188308301-188309036",1.1479093311716,2.21609756546102,2.23787395939031,0.990269159780911,0.322042576443371,NA
"chr1:15488392-15514085",1.00825364008922,3.80374586350263,2.3114468152936,1.64561253944295,0.0998435558283687,NA
"chr12:1975318-1979802",0.360915828237786,2.25488764372646,3.51414447328908,0.641660484042647,0.52109365188249,NA
"chr19:39164242-39195019",4.13461365949491,-0.427855017141126,0.741981734724638,-0.576638207003721,0.564183883505557,0.903237156981145
"chr5:144367260-144380803",10.1054571909608,0.752249082015508,0.488677755710155,1.53935609555693,0.123717386232994,0.586368861833461
"chr6:132383344-132391018",1.20657645557764,-3.42475276523819,2.08916976071759,-1.63928888385875,0.10115311001273,NA
"chr17:79573257-79612346",1.05582375091393,-1.39264563577168,2.15474579852636,-0.646315512820173,0.518075043451871,NA
"chr1:36417425-36419485",2.24986553448941,1.09031112687915,1.40808206997184,0.774323564038393,0.438739472205121,0.875876180227876
"chr4:127663314-127673795",2.15285070087379,-2.09868927735241,1.34448663267777,-1.5609595709944,0.118533290235935,0.570736957926529
"chr15:108315938-108318732",7.1423439666137,-0.49489827616987,0.591307947463173,-0.836955224926505,0.402617736570468,0.865944412820686
"chr5:148050939-148060187",4.93033514282091,-1.27928360293498,0.717993648180351,-1.78174779982683,0.0747903681785979,0.4704555417686
"chr6:22362488-22407626",2.38448237967786,0.743382426463225,1.25595714202496,0.591885185878782,0.55392747449477,0.903237156981145
"chr5:136420692-136510629",1.49831970486556,-0.233860998165234,1.74360111128561,-0.134125286254722,0.893303504758405,NA
"chr7:129696842-129708614",2.47398243273624,0.495726604539125,1.22895279037519,0.403373187661491,0.686673708275077,0.93559772637995
"chr1:12128638-12134025",1.99274784395177,-0.916900864662035,1.38994896723195,-0.659665128920538,0.509468749104675,0.897055804749136
"chr17:83502435-83539887",2.62697649105124,3.64571119635795,1.47456352487712,2.47240022884857,0.0134209169683715,0.190257555472241
"chr10:48460656-48470732",2.15213954999643,0.555901034908767,1.2225587159253,0.454702933828444,0.64932296992455,0.928913526315867
"chr2:34491467-34517560",8.99196843734459,0.285358659803347,0.560920785905387,0.508732546508768,0.610939705936343,0.914627885183078
"chr1:220039308-220049075",6.93480480612772,-1.29434673982047,0.611169411280485,-2.11781989728288,0.0341903235604212,0.36178133069748
"chr5:127160496-127165240",2.26541463324633,4.92556652169195,1.56689364313855,3.14352320162959,0.00166927182001493,0.0560807359772964
"chr9:119309035-119311107",4.47571077941378,-0.321190882742868,0.714815503194183,-0.449333962830427,0.653190761232067,0.928913526315867
"chr15:1734706-1753492",0.995390178442583,-3.1483841214523,2.13508233102335,-1.47459612011462,0.140321158639373,NA
"chr10:13931236-13933066",1.39402474570042,-1.22550206303473,1.82579996063121,-0.671213763533577,0.502084361876525,NA
"chr8:129617811-129627374",9.70281192403394,-0.558980114512434,0.501210860548278,-1.11525938185171,0.264739285930118,0.785425063643624
"chr1:13262070-13268495",1.22482899720326,-1.12587730834525,1.9512696159157,-0.576997304299691,0.563941276553312,NA
"chr1:222763689-222775140",4.41673246729751,-1.38820080111806,0.859601196363154,-1.61493586443496,0.106324584563861,0.548217689833585
"chr18:44477275-44489940",1.75350746258432,-1.25551452117613,1.59091485479776,-0.789177696964638,0.430008155479145,NA
"chr20:21978047-21986948",0.36471113916928,2.25488764372646,3.51414447328908,0.641660484042646,0.521093651882491,NA
"chr6:10920914-10923681",6.87288268615944,0.652527796229677,0.584577583297107,1.11623814336041,0.264320211302763,0.785425063643624
"chr10:55349536-55362785",0.82715469423669,-2.87837006908737,2.84336975869753,-1.01230944736708,0.311390119151388,NA
"chr9:112317485-112342454",9.46183707042165,-0.263277378473448,0.498991298892469,-0.527619177043372,0.597763680067687,0.911576821824109
"chr2:113739689-113747247",5.91273073100376,0.0369613775449442,0.665005971532081,0.0555805197655448,0.955675983487315,0.988190455432406
"chr12:5603316-5604016",6.06559586602542,1.25650284012217,0.625322601893258,2.00936738304024,0.0444981866431275,0.387176620034621
"chr3:94720462-94724521",0.921854700981145,-3.03474069224047,2.43789845293376,-1.2448183346556,0.213198535031777,NA
"chr1:114304821-114311513",2.13298221778273,0.85272200808026,1.22222276165336,0.697681335051185,0.485376503403243,0.891574348704408
"chr12:51494918-51495425",1.76696372387351,-2.13682530008188,1.57094019429479,-1.36022065502062,0.173760108182025,NA
"chr8:60814789-60817064",1.5971235549962,1.21819302921362,1.67954447298796,0.725311564418665,0.468260912755793,NA
"chr2:33258536-33287948",1.28305248286995,-1.7679744426802,2.1053943266637,-0.839735540411479,0.40105668220793,NA
"chr5:72119820-72124022",0.719918927880174,-2.67868020139195,3.056316312671,-0.876440763112958,0.380790466295578,NA
"chr13:76979427-77004245",12.2625478342019,0.672298958286156,0.462696587946634,1.45300176357405,0.146223264350017,0.637682925999277
"chr7:120608346-120610489",6.74982350430338,-0.422127547328733,0.582514868860101,-0.724663986955006,0.468658193590586,0.891574348704408
"chr1:204959173-204988430",0.927364652554941,-3.04254403236795,2.43049194092372,-1.2518223085371,0.21063461932924,NA
"chr3:21782079-21792112",2.13320219655495,-0.398170933411235,1.299541537327,-0.306393387186549,0.759305142677359,0.951866267770906
"chr15:23605382-23606634",2.32668020115645,-0.0822372130265559,1.1712868094106,-0.0702109956040042,0.944025722698545,0.988190455432406
"chr2:140366057-140387503",9.88954036429685,0.609396261807377,0.490620399467807,1.24209319968841,0.214202177298805,0.730387344591381
"chr1:206956299-206978733",1.70036949862158,-1.09374486111954,1.39131553806679,-0.786122796155412,0.431795550328017,NA
"chr5:136420698-136471341",3.17653690174512,1.19670439906897,0.980922946299648,1.21997798459432,0.222473220746786,0.741368556801169
"chr3:117374371-117382881",4.56964851842869,-0.231469150170643,0.689541305913351,-0.335685691612113,0.737107896792869,0.948776041121522
"chr12:5646166-5654694",1.02907443062748,3.82681022684892,2.49472673568072,1.5339596806801,0.125039572180813,NA
"chr7:30382502-30388657",8.35744898307713,-2.02890584102878,0.611723989725579,-3.31670144559633,0.000910868953674594,0.0397520433406476
"chr11:38379650-38410172",0.972560830215386,1.91961157012402,2.45854951566233,0.780790282194856,0.434925850510083,NA
"chr6:136059672-136084622",21.8348711668832,0.408835938233077,0.350501182116307,1.16643240905651,0.24343966154025,0.75521622273282
"chr11:10020678-10022991",1.79340602971326,-0.980173067232027,1.46683049025823,-0.668225179215817,0.503989865151282,NA
"chr10:106673704-106699402",8.94178349135122,0.101003539580422,0.51391654049183,0.196536853014614,0.844189990560491,0.980781603302298
"chr10:110157631-110164041",1.18367291889859,-1.31723740607016,2.0276939746548,-0.649623376374834,0.515935529428144,NA
"chr5:144539229-144547479",0.243850344135403,1.96009575073012,3.52690144366078,0.5557557482229,0.5783778404602,NA
"chr4:117422680-117436312",1.09731749009808,-0.0272270332377122,2.25422938220465,-0.0120781999616578,0.990363225035676,NA
"chr7:51453247-51479896",1.59344140995907,-0.714146325491764,1.56731159187995,-0.455650509567892,0.648641315675179,NA
"chr14:37552177-37583161",3.08989339252882,0.254661198660782,0.999821347302465,0.2547067027003,0.798949638952185,0.96254744675175
"chr8:116609560-116622275",1.23330408714885,-0.42744891795668,1.95307420312691,-0.218859538092473,0.826759466252957,NA
"chrX:156703082-156705104",1.65501753177999,-0.415194788685265,1.66235920073843,-0.24976237897371,0.802771115040211,NA
"chr7:74333372-74358584",1.63157869249706,-2.18283574017143,1.58653815612987,-1.37584824653454,0.168868620800901,NA
"chr6:72418120-72430205",5.11937741751217,-0.308783355268218,0.730011788120158,-0.422984067234532,0.672306885677801,0.930208821516241
"chr5:100957656-100977901",0.979022447855165,1.16802619621974,2.64566554236254,0.441486717620665,0.658860675211829,NA
"chr16:2117271-2126628",3.6419890326073,-1.5255678004741,0.910035566250589,-1.67638261300001,0.0936632723736934,0.534692886869162
"chr2:34476081-34559392",0.756692333414829,3.40785279052943,2.96358764012746,1.14990788340002,0.250181813581678,NA
"chr17:58006111-58031197",1.04976586117282,-1.38257135152817,2.15389699251426,-0.641892976466941,0.520942674868334,NA
"chr17:694609-728329",4.72158676915895,-0.443372457694516,0.744426578636161,-0.595589236626672,0.551449668827968,0.903237156981145
"chr14:43430448-43459087",0.541373742356679,2.87263644496371,3.47144171007511,0.827505308997844,0.407950714216544,NA
"chr2:248779402-248811031",0.943385710677618,-0.809421403770654,2.29803554398003,-0.352223187274464,0.724670888852768,NA
"chr1:201442093-201451005",3.19872224986224,0.775658658633037,0.988258822088745,0.784874003951349,0.432527445195994,0.870796405151228
"chr3:33465220-33503687",3.29959173355167,-0.405065606677669,0.898207090149629,-0.450971286154278,0.652010244023851,0.928913526315867
"chr17:29730437-29757605",9.23668158039794,0.814299872962635,0.549306175373681,1.48241528944888,0.138229828205395,0.622718533004503
"chrX:46725057-46754070",3.14036240052097,0.788754787232077,1.0875703175541,0.72524486417205,0.468301823922626,0.891574348704408
"chr17:75596939-75616081",1.49321203898839,-3.73350195970391,1.8631799204286,-2.00383329530788,0.0450879209229848,NA
"chr5:122659399-122678330",4.05009654972681,-1.80312460240221,0.875022668055613,-2.06066044712754,0.0393354455704257,0.384652629842431
"chr3:91122599-91173631",0.204362223330072,-0.864529267836178,3.52826081804341,-0.245029863839715,0.806433308056728,NA
"chr13:93158565-93184258",0.885381777922935,-2.98096548133165,2.48830453729521,-1.197990614353,0.230920670879337,NA
"chr3:37972155-37978632",0.687421892720569,-0.476559074585354,3.20462455808581,-0.148709799212802,0.881782628568577,NA
"chr15:51936366-51954838",3.2512823505095,0.523983051260279,0.946544682769311,0.553574554692188,0.579870044149025,0.903237156981145
"chr8:126342346-126390804",2.41158772310711,-0.690530559191547,1.24479028261633,-0.554736463511086,0.579074931414153,0.903237156981145
"chr3:8548854-8553003",1.08504999904197,3.89664317014066,2.42089732741494,1.60958629926761,0.107488201190991,NA
"chr9:112005677-112008516",2.75612275242373,0.403250098962203,1.11917704554333,0.360309479691336,0.718615710982181,0.946854791937773
"chr18:59067798-59076998",1.66099408878409,-1.66409469803856,1.54616454995891,-1.07627270207611,0.281805313388136,NA
"chr10:92474821-92476192",25.8964830332347,0.232083181963687,0.297100553634849,0.781160381979388,0.434708171821995,0.872612727260329
"chr2:22950023-22964734",9.12295722185365,0.485285770987335,0.552498980928344,0.878346906942573,0.379755487534801,0.847517130202294
"chr14:83236400-83236920",3.3417436766817,0.209666362164755,0.874976060525893,0.239625255619837,0.810620783958584,0.96976106056395
"chr19:56186746-56189833",0.820987691547299,-2.86749541154327,2.60281360457659,-1.1016906498803,0.270596183259585,NA
"chr17:5524117-5537540",1.35204187106841,-1.17999045981292,2.00981702374586,-0.587113376925071,0.557127564050248,NA
"chr3:2762162-2764477",2.74232069304485,-0.756410885261749,1.07622878962479,-0.702834650544387,0.482158800413382,0.891574348704408
"chr4:129533391-129538089",1.69882908503758,-2.04660008517061,1.69624428324469,-1.20654796327787,0.227606277142071,NA
"chr9:16959148-16975339",1.55555748529445,-0.556267159632383,1.58946068979115,-0.349972266193933,0.726359511435797,NA
"chr12:24505864-24511621",3.00337811257197,-1.13791316281815,0.973499999953822,-1.1688887137875,0.242448471280962,0.753854586101397
"chr14:71861197-71877488",7.23058903859842,-0.385682374308582,0.610266389633782,-0.631990194544432,0.52739328452829,0.897055804749136
"chr4:152939743-152941737",3.01469128458348,-0.0884901614838059,0.913435643878147,-0.0968761861625038,0.922824720527949,0.988190455432406
"chr2:11780889-11790870",5.25930072123612,-0.772785878062213,0.704555997227415,-1.09684096239802,0.272710920273628,0.79711007745932
"chr2:33950934-33955969",44.5523536732374,0.16472168562253,0.246506895982091,0.668223438400266,0.503990976195705,0.892279743848426
"chr18:73479863-73498648",2.42534026967374,0.892232985297006,1.24831050077649,0.714752447201243,0.474762023483502,0.891574348704408
"chr6:4259110-4315062",1.6078197973172,-3.83818113699465,1.67908710878602,-2.28587374467406,0.0222616458510728,NA
"chr18:48853173-48853595",0.93490815821453,-0.567767909582766,2.47864296190029,-0.229064015394729,0.818819161451263,NA
"chr17:79345740-79373256",1.52388197725317,-0.952298155652637,1.72999299865362,-0.550463589386645,0.582001443858932,NA
"chr19:42856166-42920390",14.5287990785041,-0.858360580446703,0.46302457723201,-1.85381213580073,0.0637660416506079,0.443123748682658
"chr4:27509136-27537918",5.07652225848275,-0.814829949423095,0.686215474855037,-1.18742578574933,0.235059713935011,0.751590562386689
"chr2:188269009-188309036",2.30573705515101,0.352073105177501,1.25455860908921,0.280635039787499,0.778990337717805,0.955627284144572
"chr18:307052-312848",7.6686693842489,0.957002251793093,0.566061588730526,1.69063273475119,0.0909069685909697,0.53029065011399
"chr2:224356779-224363213",1.09271838964942,-3.28357529769538,2.21437779775426,-1.48284330750853,0.138116046786669,NA
"chr2:27713879-27755789",6.30666760390707,0.310505575271548,0.730289922367597,0.425181240711758,0.670704558297635,0.930208821516241
"chr8:50206189-50213003",2.65199926972507,-0.550940531164145,1.0594772388627,-0.520011672695822,0.603055439424428,0.912263527159637
"chr13:56114438-56129496",10.8565664027862,-0.237223677240391,0.912408679495216,-0.259997172946265,0.794865954292499,0.959320979318533
"chr5:167486001-167581074",2.43517639695866,-1.20742529984373,1.19288278396965,-1.01219106861923,0.311446705771687,0.831946679801081
"chr10:48188215-48200848",1.23122773731141,-0.312739252042763,1.93868692229795,-0.161314985130281,0.871845321401935,NA
"chr6:80149001-80150524",1.26843497877589,-3.50101053439958,2.03212298409932,-1.72283398288086,0.0849185514696129,NA
"chr8:70524346-70532815",3.02126919585595,-1.0928572495456,1.03078313267873,-1.06022034596701,0.289044367002295,0.815285250339026
"chr13:86432220-86451001",0.36471113916928,2.25488764372646,3.51414447328908,0.641660484042646,0.521093651882491,NA
"chr1:234383455-234538951",3.68770706799998,0.811837334849835,0.923457559693917,0.879127932115171,0.379331914355391,0.847517130202294
"chr13:25672724-25691066",1.24007811146637,0.535845522145719,1.93004825882451,0.277633224814841,0.7812939247007,NA
"chr3:123825681-123833222",3.60170258572143,0.851137132008022,0.860796626663762,0.988778424128847,0.322771562774245,0.836168895446201
"chr12:9297691-9313769",34.9585924288055,0.19784460009953,0.250262428855722,0.790548549393278,0.429207480755114,0.870796405151228
"chr1:137247124-137280380",1.23301512420352,-1.41177930928942,1.9770556199249,-0.714081736022706,0.475176638889379,NA
"chr7:29284390-29288495",5.40931252513424,-0.0544384009399897,0.726853396502804,-0.074895984805073,0.940297471247591,0.988190455432406
"chr11:69785001-69837765",3.29500780066923,-0.488703206786056,0.900095640565158,-0.542945865707344,0.58716707534011,0.906655042804581
"chr2:38074255-38110573",1.91717657582615,-2.51745381765584,1.47836215353856,-1.70286679189544,0.0885929998567053,NA
"chr6:125524870-125594377",1.06044131593381,-3.24382731907063,2.2432841465375,-1.44601713700758,0.148172395270346,NA
"chr1:90116534-90120765",0.713296628308467,-2.66628972530643,3.06956152305179,-0.868622344032894,0.385053728973053,NA
"chr1:222619896-222621077",1.07003800390193,-3.25580872363655,2.2220162870753,-1.46524971152303,0.142852801247747,NA
"chrX:51713405-51794841",5.67013808957998,-0.266787046340941,0.631351223568316,-0.422565184610074,0.672612532480974,0.930208821516241
"chr18:1318740-1340371",0.769262983919139,3.42975299958348,2.93330882994396,1.16924374432439,0.242305441262073,NA
"chr8:64635064-64644354",1.70642262018463,-1.20887923653168,1.64264337896981,-0.735935293082197,0.461770077572452,NA
"chr6:124386601-124400951",1.57339415370896,-2.20829057261494,1.75790761420809,-1.25620399773383,0.209042017701908,NA
"chr15:38217599-38244652",1.08832264854566,-0.886920147663788,2.28106974312205,-0.388817637136285,0.697411052902328,NA
"chr4:66172555-66196279",0.718806579882263,-2.67576157533722,2.78290515484215,-0.961499377972513,0.336301138092796,NA
"chr10:94307816-94320863",7.71378591499873,-0.471863909875813,0.549157101722009,-0.859251220454354,0.39020193000206,0.853566721879507
"chr8:6135492-6152538",0.535975366248664,0.877550447466401,3.5114417701031,0.249911718581805,0.802655620606899,NA
"chr7:28987514-28990116",3.19118058480869,0.851980891020553,0.98930283934117,0.861193213180236,0.389131637369431,0.852591789742011
"chr10:30980709-30993573",7.67518323358819,-0.277385338736795,0.546422084801571,-0.507639325810789,0.611706306221426,0.914627885183078
"chr8:117106575-117109692",1.27856113474995,-0.156235507418358,1.75701168958395,-0.0889211542214345,0.929144571508669,NA
"chr9:20826561-20834954",0.175059538010878,-0.750824945158805,3.53112465734264,-0.212630540696867,0.831615148094947,NA
"chr8:70339051-70367391",1.07135210613312,-3.25771460458923,2.04496910260318,-1.59303854539526,0.111151544239358,NA
"chr4:626662-642336",2.39528960021434,-0.815062967309098,1.24649891158552,-0.653881812277202,0.513187952450041,0.897055804749136
"chr1:20961258-20962540",3.86995436926902,0.807318983977167,0.796924146240121,1.01304369780498,0.311039289109849,0.831946679801081
"chr18:25055044-25059278",0.306543334995108,-1.44531416743121,3.48156347565664,-0.415133654042775,0.678044064140115,NA
"chr8:116554093-116555206",1.66223852679809,2.98626991762488,1.73204209299051,1.72413241555166,0.0846839414147232,NA
"chr1:162684057-162691242",1.06684365406152,-1.40980017932202,2.14410732267932,-0.657523140007891,0.510844597035441,NA
"chr6:904491-907083",11.4210993029265,-0.198793190642533,0.480049434225415,-0.414109832174463,0.678793672475021,0.933084957631826
"chr11:3142305-3142832",0.175059538010878,-0.750824945158805,3.53112465734264,-0.212630540696867,0.831615148094947,NA
"chr1:88145614-88147210",1.46392878364985,-1.32619344781498,1.77466757259114,-0.74729119317746,0.454887807367157,NA
"chr1:235750193-235761819",3.94551492844892,0.35657538258291,0.783578181392596,0.455060376935451,0.649065802792918,0.928913526315867
"chr14:15086543-15091475",19.0979760058797,0.473847008664967,0.353146167819862,1.3417872027049,0.179665002763307,0.688884069584028
"chr2:113739689-113745181",4.85810161373393,0.527516111353681,0.812942378514868,0.64889729616185,0.516404762517609,0.897055804749136
"chr7:90253169-90277429",0.569073362499352,0.762982823833397,3.47478630966825,0.219576905120892,0.826200679502266,NA
"chr3:15042229-15042609",7.50327409683579,-0.185818850827206,0.536403758377406,-0.346416012052747,0.729030093334885,0.947142759447761
"chr5:2257913-2314821",2.29480780038047,3.41080634053725,1.48782875048462,2.29247239605113,0.0218783986411655,0.25682360934982
"chr19:32214551-32215127",3.35894336427574,0.124091261282738,0.844705526921342,0.146904758318568,0.883207196079217,0.985030940445168
"chr1:16859047-16875754",1.10853523102132,-0.132714437995793,2.24903628576845,-0.0590094694494657,0.952944565726935,NA
"chr2:13599773-13608846",1.38511882958164,-0.721042177531236,1.98032847026081,-0.364102313509776,0.715781609300381,NA
"chr10:626473-633049",2.45013052775527,1.07737859950024,1.31585765619604,0.818765308258944,0.412920327501004,0.869632712935665
"chr11:84632585-84638229",3.9545059735583,-0.184556367215157,0.788831994720559,-0.233961563996318,0.81501481806592,0.970568198747122
"chr11:69064518-69068514",3.22907063827099,-0.862416534437609,0.996469135623773,-0.865472400103742,0.386779558162349,0.850167627844778
"chr18:36637823-36639900",0.567759260268162,0.767600116990534,3.477460727291,0.220735811900457,0.825298145295851,NA
"chr14:10786399-10794860",1.65926275272218,-1.14771108570254,1.63364456598933,-0.702546385913199,0.482338484562051,NA
"chr8:47303909-47306590",1.21214880789044,-1.12105337883685,2.13505485200245,-0.525070059809201,0.599534488598752,NA
"chr6:45526457-45537399",0.907149258559783,3.64055120272295,2.68918880703731,1.35377300143301,0.175808809704347,NA
"chr12:9273125-9313769",28.0692338585903,-0.10231521150735,0.28852479569627,-0.35461496908937,0.722878060364454,0.946854791937773
"chr4:144996199-145000253",0.553167197120639,-2.30859940373482,3.41327184065821,-0.676359666474625,0.498812318652626,NA
"chr1:22735614-22738713",3.10602193744801,0.0431019593244223,1.01644870021092,0.0424044610568921,0.966176272140698,0.988190455432406
"chrX:128202172-128205259",5.89736999928548,-0.0400569656583715,0.601820164025134,-0.0665596934979045,0.946932234481501,0.988190455432406
"chr8:64635064-64648503",4.79208391297502,-0.706258830904992,0.709602441616788,-0.995288050722913,0.319596187750745,0.836168895446201
"chr11:34060062-34073206",6.46896253040726,0.0163192771917017,0.617865642596794,0.0264123396198472,0.978928451990805,0.988190455432406
"chr10:29318809-29333371",0.960921989936193,-1.20661146249651,2.26617422912394,-0.532444260899996,0.59441833699047,NA
"chr6:1242429-1259749",0.823414141776399,-2.87134774365121,2.5927945979452,-1.10743355679882,0.268106524283687,NA
"chr4:174810962-174831377",1.01910647499682,1.99408352224821,2.40043256029667,0.83071841101912,0.406132723104323,NA
"chr11:34462325-34500943",0.817414170927749,0.8007241773702,2.67037222850025,0.299854892446926,0.764287842536262,NA
"chr2:257626382-257634977",4.70623942571011,-0.411530342940034,0.697237257604478,-0.590229994814022,0.555036465374735,0.903237156981145
"chr6:108797786-108802113",3.43175265692448,0.077045496497629,0.841902460011869,0.0915135661873975,0.927084527209719,0.988190455432406
"chr10:51724607-51739115",45.0849187746912,-0.597515327041671,0.256422132486226,-2.33020184821124,0.0197954853490328,0.24476832821978
"chr9:46123188-46125984",3.16941305323943,0.307242806240754,0.998004548552086,0.307857120176962,0.758191055247674,0.951866267770906
"chr8:104504801-104514522",13.2481888343341,1.09073169177641,0.435062303202222,2.50707009949658,0.0121736566210832,0.181429580086917
"chr2:20488617-20555751",2.01046787233679,0.0383268035602489,1.26608142724204,0.030271989412038,0.975850135542172,0.988190455432406
"chr10:67695779-67711884",1.53333669803803,-1.86114611563105,1.77973361680025,-1.04574420467326,0.29567914778156,NA
"chr10:110680099-110690679",6.50700826645323,-0.308090815785161,0.588141592982951,-0.523837829973185,0.60039133897502,0.912263527159637
"chr10:63908528-63915032",2.99442522146245,0.0801932511937137,1.02353194267623,0.0783495344405493,0.937550015744834,0.988190455432406
"chr9:94463647-94481167",135.409979641906,-0.604499682956528,0.194410234519823,-3.10940257054671,0.00187466100633522,0.0595095877592458
"chr19:22373973-22382073",8.8184273938208,0.500969984396474,0.51397058783252,0.97470554980418,0.329706339250438,0.839643942307553
"chr2:56061126-56069928",3.29181918863511,0.140505150758166,0.890006176675057,0.157869860277908,0.874559348212957,0.985030940445168
"chr12:47286246-47292049",7.70447935733938,-0.488210731337052,0.54346461632264,-0.898330299110429,0.369009483809064,0.847517130202294
"chr1:278580846-278661960",1.55527417889205,-1.56585951491792,1.72558523185837,-0.907436784928652,0.364175864383486,NA
"chr8:23508992-23534941",3.3946884874315,0.516730605985609,0.836298426687988,0.617878247161159,0.536655599096174,0.899093917159841
"chrX:4876505-4898806",7.12906765304722,0.112171504497531,0.597031582476931,0.187882028002874,0.850969131421964,0.984990341532587
"chr10:82038227-82039192",1.39046159245776,-1.6556709098663,1.85960130311411,-0.8903364969113,0.373285229497907,NA
"chr1:128625388-128637195",0.37942176134095,-1.76336280454112,3.46236528118611,-0.509294271786669,0.610545972464382,NA
"chr4:133741680-133744948",0.976483706928306,-0.860047937082585,2.45378564859659,-0.350498397272182,0.725964692755091,NA
"chr2:34396320-34434762",1.8933451163133,3.09739911366085,1.61114092367069,1.92248801340357,0.0545443804228264,NA
"chr19:19872833-19874612",1.87122505369627,0.452546989087235,1.41545766949188,0.31971778375378,0.749182277355644,NA
"chr4:145061557-145063825",1.67387416985806,-3.89999113808727,1.75083808333717,-2.2274996044487,0.0259139022145156,NA
"chr2:117545216-117666646",1.66130309349353,-3.89003878233974,1.75099932544325,-2.22161066872771,0.0263096282502931,NA
"chr9:30099113-30122634",1.77296637835079,0.303302134293431,1.37234780112648,0.221009669738581,0.825084903781545,NA
"chr16:23555919-23600154",24.6060120102426,0.0422722741445509,0.323209198668596,0.130789205006182,0.895942062796067,0.987210557820386
"chr3:140598632-140616459",2.99717061048942,0.199909033771637,1.00757668138376,0.198405776419013,0.84272759835329,0.980781603302298
"chr1:221347566-221349792",1.4909280634805,-1.79146317704597,1.80730243815421,-0.991235965395797,0.321570372590976,NA
"chr1:157470071-157490006",2.45785401478612,-0.905530284334868,1.14762049792143,-0.789050287943591,0.430082615380976,0.870796405151228
"chr6:104798968-104846483",21.3296747118731,-1.07597789918666,0.36861754542803,-2.91895465240881,0.00351207310297901,0.0939996036385559
"chr5:75999930-76011558",4.01659604266193,1.11279722875066,0.802677431881116,1.38635669143302,0.165638013890208,0.677350595239973
"chrX:13905156-13917538",1.73393716698048,-1.24163720062347,1.50364157202311,-0.825753439998921,0.408943970818866,NA
"chr6:103401041-103413906",0.979899460414761,-0.473798716397396,2.41461281548616,-0.196221403845237,0.844436875851529,NA
"chr1:253120469-253148277",5.37899756894184,0.282440448077785,0.632366132921971,0.446640693379188,0.655134508998199,0.928913526315867
"chr2:184309074-184309661",0.446898465234285,0.473769188137221,3.52156603035385,0.134533666003592,0.892980591436167,NA
"chr20:19767793-19780300",3.11912956352534,-0.730351726219685,1.06873168465098,-0.683381747457217,0.494365650598956,0.891574348704408
"chr2:238742934-238746181",1.09217045148211,-3.28263140736892,2.20198470660362,-1.49076031160639,0.13602443520142,NA
"chr3:81134588-81143240",4.19324805177116,-0.174218090354082,0.865364961147828,-0.20132325455262,0.840445820304884,0.980781603302298
"chr17:63762119-63764370",0.923682902814103,-1.13670891009577,2.51024010318625,-0.452828758752177,0.650672053343309,NA
"chr4:8162130-8166216",1.22482899720326,-1.12587730834525,1.9512696159157,-0.576997304299691,0.563941276553312,NA
"chr3:140598632-140622850",2.64623510831229,-0.365475438464008,1.00379043658769,-0.36409535809727,0.71578680299232,0.946854791937773
"chr5:73937165-73951450",3.80338519246241,-0.0309255239131928,0.862955552776931,-0.0358367517465721,0.971412528221638,0.988190455432406
"chr5:90880568-90892934",1.79781042079626,-0.838360741541107,1.43917397712402,-0.5825291138299,0.560210336994947,NA
"chr3:8587701-8589420",1.19904011539323,0.121170738695132,1.96876716487018,0.061546505273579,0.950923978726574,NA
"chr1:278580846-278620822",8.36971634966913,-0.356226691557089,0.56354026281864,-0.632122875791274,0.527306588287286,0.897055804749136
"chr18:75429814-75430443",50.8158559639436,0.997194987954783,0.237958141544695,4.19063193838015,2.78178598314396e-05,0.00474642233373938
"chr11:24479964-24512332",1.01983996330358,-3.18171875826259,2.53330749334461,-1.25595442583321,0.209132494026361,NA
"chr9:96804834-96812078",1.60650569508601,-3.83711984676824,1.67193166176139,-2.29502194050552,0.0217318669477537,NA
"chr8:39392586-39551697",1.43393141002369,-1.95899660618761,1.81450750827463,-1.07962992561567,0.280307009824107,NA
"chr19:34270069-34305849",14.1880871420142,-1.08899149247069,0.441937393569283,-2.46413068528895,0.013734602366922,0.190257555472241
"chr11:79529343-79611741",4.65446152497945,-2.75265781201118,0.915729580109734,-3.00597236542399,0.00264733055840752,0.0752834627547139
"chr3:54547246-54566332",10.8784745711159,-0.908904828701858,0.47246264561297,-1.9237601895969,0.0543846496184706,0.411188859304775
"chr4:119832192-119837987",0.262589307016317,-1.24909998425275,3.49563101511562,-0.357331760375012,0.720843456029211,NA
"chr12:51960260-51961629",3.05340764304735,-0.119034452744451,0.924432354601898,-0.12876491411393,0.897543668833927,0.987210557820386
"chr1:166378662-166385907",7.93062649867223,0.18783517934523,0.581176090934372,0.323198394213435,0.746544996938702,0.948821155327121
"chr13:95120752-95128782",2.13600259141835,-0.4330424636186,1.33647937430536,-0.324017318893286,0.745924922388199,0.948821155327121
"chrY:1142577-1153312",3.01765216425277,-0.202032325897635,0.914075633723138,-0.221023642293946,0.825074024289636,0.975087483251388
"chr17:79740146-79789485",0.985591736241187,-3.13548899977398,2.33505341665236,-1.34279112306954,0.179339618588147,NA
"chr3:81127393-81159096",9.80611407606424,0.675547795407451,0.52626961204765,1.28365343531613,0.199263243993704,0.719001977652741
"chr10:30980709-30988908",1.74260045149983,1.3571409578742,1.61927417229375,0.838116843395194,0.40196508404355,NA
"chr14:43420839-43430679",6.3011668507538,1.44566328448572,0.631256607700285,2.29013568626612,0.0220134522299846,0.25682360934982
"chr4:8120652-8149019",1.71868541880978,0.500695880925766,1.48517091328354,0.337130142024384,0.736018796061429,NA
"chr9:81232085-81275269",3.44302882259911,-1.20920559488124,0.940220756157089,-1.28608689710654,0.198412736465243,0.718390942374156
"chr2:171170990-171172517",6.26232887792725,-0.334955057623706,0.604816335011435,-0.553812849015351,0.579706933817952,0.903237156981145
"chr11:89155750-89180448",2.23302108398122,-0.103528768609998,1.28265492723524,-0.080714435669112,0.93566905627166,0.988190455432406
"chr4:115820712-115833021",3.73248898020613,-0.0640828528794711,0.79570080826083,-0.080536367707779,0.935810672913434,0.988190455432406
"chr11:61121301-61122547",13.7647779555497,-0.0348387883034911,0.419597705436656,-0.0830290248304289,0.933828460810987,0.988190455432406
"chr6:125550201-125569718",9.40700640677962,-0.255355518337735,0.5831537195142,-0.437887146720869,0.661468093464485,0.928913526315867
"chr15:52636357-52638595",0.523037809470682,-2.21575514023847,3.44128748321141,-0.643873884715592,0.519657217672185,NA
"chr3:123829471-123833222",2.77712327347974,-1.38536827887587,1.09440271565728,-1.26586699672418,0.205560703956892,0.721314255917885
"chr6:86842054-86849086",6.0517959856276,0.422980224750805,0.603763931999658,0.700572197729501,0.483570034037281,0.891574348704408
"chr13:101502509-101503027",2.68247965000141,1.14437341881618,1.10534072533416,1.0353128158471,0.300522846606939,0.824021233627479
"chr10:35876013-35876397",6.26001642899207,1.38639484492012,0.645908090013132,2.14642743504254,0.0318388924366085,0.34220541870843
"chr4:34569949-34602713",2.33708476798707,-0.776023268511991,1.25106198627002,-0.620291621860934,0.535065809818016,0.899093917159841
"chr5:105182877-105187360",9.65082945494177,-0.548827991115414,0.531885039492361,-1.03185453691125,0.302140266338692,0.826495918942514
"chr12:15075273-15098764",7.42426899099279,1.80279425180303,0.627184840938963,2.87442255317276,0.00404767026500694,0.0999946077155726
"chr2:231056605-231078948",2.79575282876953,-0.575250670394684,1.03765158520826,-0.554377479488193,0.579320535248752,0.903237156981145
"chr4:96739878-96767151",22.5624164094505,0.137405130442006,0.313791017796933,0.437887392082479,0.661467915591612,0.928913526315867
"chr10:106712126-106721811",1.19677801337624,-3.41393806759755,2.09058722931977,-1.63300436342394,0.10246807896644,NA
"chr15:34428289-34428656",1.75789085749641,2.22105403386169,1.62855956673349,1.36381504197393,0.172625784898791,NA
"chr13:86424477-86451001",3.89265662850741,-0.739695058245746,0.82164459936763,-0.900261571505544,0.367981066439896,0.847517130202294
"chr8:56585336-56597269",0.569132642011425,-2.34692447970785,3.37615135926044,-0.695147885852474,0.486962627790963,NA
"chr4:58367537-58373168",3.28282072999211,-0.0978024262681772,0.993598695933228,-0.0984325227765292,0.921588850625966,0.988190455432406
"chr13:73203187-73265813",1.35619510445718,2.49192389463689,1.91023165563347,1.30451397729063,0.192058397016591,NA
"chr4:125762257-125789911",7.45179692210214,-1.24950918357543,0.61809606425668,-2.02154528370616,0.0432233496260124,0.387176620034621
"chr11:89293785-89332868",1.20460530223086,-3.42197120285532,1.91036431440226,-1.79126629253752,0.0732505725247736,NA
"chr5:86427115-86450640",1.00006566235492,-1.41322875293317,2.40577840811324,-0.587430973761842,0.556914296579283,NA
"chr4:96732982-96810129",4.15644778904654,-1.65270961707939,0.924044491492806,-1.78856065080742,0.0736855997444705,0.467817877447452
"chr13:110049191-110052621",0.831412944318304,-0.289607997640469,2.64427688723278,-0.109522568925655,0.91278802202825,NA
"chr1:140131618-140158228",3.03100514332176,-1.98138681482739,1.06922231330103,-1.8531102373932,0.0638665597884411,0.443123748682658
"chr8:118860285-118873176",0.970485096699274,-3.11508564502313,2.35395089955925,-1.32334350967406,0.185721168594191,NA
"chr13:105699059-105701842",5.57326950304016,0.120978423881477,0.638621169773672,0.189436914414146,0.849750394700921,0.984642859734089
"chr1:274688579-274701534",0.975885935324785,-3.12260804335686,2.34716569471244,-1.33037392732489,0.183395100571664,NA
"chr6:111709226-111724523",0.570130952026059,0.762968377247615,3.47422129861147,0.219608456592143,0.826176104779254,NA
"chr8:127971477-127991861",2.25444707007474,-1.45318085169077,1.30268395266052,-1.1155283280514,0.264624086099181,0.785425063643624
"chrX:123224698-123234187",1.04248651048552,-1.37147379467485,2.35369400083513,-0.582689930886609,0.56010205280667,NA
"chr2:157066595-157082251",23.5801269179876,-0.211927118280432,0.301934110519332,-0.701898562954394,0.482742425180854,0.891574348704408
"chr8:129123864-129133074",6.11780020822332,0.6480947108214,0.601340054075916,1.07775077749865,0.281144991352738,0.81478325519424
"chrX:112033981-112050600",2.03354512288227,1.28681230732878,1.48112603218776,0.868806758752351,0.38495283569628,0.847517130202294
"chr8:60441497-60443706",3.12363532714033,-0.499929292389377,0.927274050817778,-0.539138663428014,0.589791179233164,0.909677920512168
"chr5:150850432-150865550",8.59075865464055,-1.55727467045379,0.568069487199439,-2.74134539091528,0.00611881497894486,0.121046122409561
"chr3:3512475-3517163",3.96968790716626,0.368273559833465,0.896932876548781,0.41059210723829,0.681371652133393,0.934746035338775
"chr10:67973997-67982051",0.487700688270806,2.78088192661289,3.47712976759787,0.799763630488265,0.423847758616274,NA
"chr11:83939845-83940879",13.5829879091415,0.83188595725453,0.434064786524012,1.91650182894647,0.0553012506300706,0.414411878288015
"chr18:71698542-71701423",0.268991645144023,2.04079524312168,3.52318863342662,0.579246658484142,0.562422752052582,NA
"chr14:38500179-38505001",1.13570359388314,-0.178956291328441,2.0522228234842,-0.0872011992462953,0.930511586128981,NA
"chr1:220039308-220040146",3.9410666279783,0.473448943939301,1.69417856979912,0.279456340895303,0.779894638722754,0.955627284144572
"chr6:125538240-125590030",2.05925856028069,-1.46614366684652,1.38564236379842,-1.05809673921013,0.290011340882173,0.815285250339026
"chr6:43300893-43325257",0.945269147774402,-3.07947605380647,2.63178255239551,-1.17011036911217,0.241956556189598,NA
"chr8:78229134-78233432",2.22306285970567,-2.75137892586948,1.38350559680424,-1.98870097253303,0.0467342185924528,0.388976880357915
"chr5:167486001-167547741",2.39551360590659,-0.838211734838412,1.23498380757244,-0.67872285425835,0.497313482505333,0.891574348704408
"chr8:73720946-73737419",2.29958765636939,-0.353646917987498,1.21842734975456,-0.290248670188451,0.771626004522813,0.955627284144572
"chr2:174336857-174342089",16.2184675230277,-0.36003129067634,0.407607771635609,-0.883278768782159,0.377085672046966,0.847517130202294
"chr2:206956638-206976810",13.3266498246287,0.527861106502444,0.473750626012343,1.11421722213976,0.265186008790129,0.785425063643624
"chr13:83643437-83660292",1.89281129865657,-0.443481416211248,1.41373142788934,-0.31369566203487,0.753752195786441,NA
"chr5:160138672-160139442",0.778347765799698,-2.79641145101969,2.66397634370658,-1.04971331957432,0.293849938009539,NA
"chr2:185599195-185617434",2.23665746759924,-1.44677063465709,1.31090636958136,-1.10364147144934,0.269748693851622,0.79255567397915
"chr5:105243242-105253190",0.573563826792346,-0.0226985781419165,3.44644680010931,-0.0065860811027742,0.994745105561719,NA
"chr5:36043415-36046665",2.34220053105856,0.318668766939432,1.21520566782347,0.262234431073871,0.793140709778094,0.959320979318533
"chr10:86175962-86195240",10.0480525702045,0.0655882799779736,0.482509734533469,0.135931516576323,0.891875420084649,0.987210557820386
"chr11:60383243-60388137",2.1047438577434,0.170337556958635,1.33213181532383,0.127868394853423,0.898253122939868,0.987210557820386
"chr18:77477060-77520779",2.58388835231902,-1.1496150427885,1.21883359921523,-0.943209182556755,0.34557391747135,0.841007582407382
"chr20:14319170-14348042",2.94932904730665,-1.46728806484105,1.03204875048368,-1.42172359993014,0.155106506218536,0.661833694906649
"chr5:128678699-128681202",14.435567407895,0.213573579800007,0.494797064260384,0.431638736820831,0.666003999884424,0.930208821516241
"chr4:96732982-96767151",19.1454870310079,-1.16919474151631,0.365642586171797,-3.19764378038549,0.0013855531977114,0.0511156787804339
"chr18:29633808-29634585",11.5381327777541,-0.0728461817324285,0.44785648885941,-0.16265518875913,0.870789931203875,0.984990341532587
"chr18:32548750-32554731",0.633702784313303,3.11801927571047,3.2425199550867,0.961603727625202,0.33624869832357,NA
"chr13:56096834-56129496",2.89676516905935,-1.67991243616237,1.15597811166304,-1.45323896638975,0.146157416630903,0.637682925999277
"chr14:37228632-37262083",5.79552583606301,-0.156104823341863,0.628766351343153,-0.248271592473733,0.803924276958889,0.965982956028947
"chr6:104844523-104864968",1.53566964048336,-1.41634227214776,1.89372030795771,-0.747915236582755,0.454511286570519,NA
"chr5:159113203-159119213",13.7898854979743,-0.732369738856673,0.447112705622515,-1.63799804757728,0.101422101068199,0.536593674256172
"chr1:6804365-6816920",3.70591393698914,1.26235009482356,0.975240772544349,1.29439839920778,0.195527843306477,0.711721349635575
"chr1:257191149-257192683",1.23325093643445,-3.45340519397538,2.04980773462153,-1.68474590843175,0.092037605059111,NA
"chr8:78908446-78910847",3.50623279956531,1.13261707761041,0.871919638354854,1.29899250778139,0.193946500387404,0.709083015338596
"chr6:21301779-21308087",3.68181256597564,-0.0703455452749188,0.891611349271036,-0.0788970949421315,0.937114473940664,0.988190455432406
"chr19:17493068-17494680",1.85294721563069,-1.05892547108802,1.44140805729317,-0.734646560167415,0.462554774073552,NA
"chr4:96739878-96787475",17.5901500420322,0.167985647694131,0.369893253602468,0.454146286957341,0.64972354004324,0.928913526315867
"chr8:94283953-94292111",1.93711471912798,-1.13669185102102,1.41897070575988,-0.801067877164036,0.423092351503958,0.869846168564453
"chr10:71515700-71519615",3.54988297298722,-0.808241131885909,0.84824424619736,-0.952840099427985,0.340671093659569,0.841007582407382
"chr1:20945434-20962540",0.671313753676461,-2.5840990144134,3.15490754264584,-0.8190728189284,0.41274486870868,NA
"chr2:123163417-123170775",5.80117446591497,-0.309725257286859,0.617556376636983,-0.501533574915904,0.615995654664208,0.915965166506159
"chr2:62377060-62381205",1.28656423239362,1.1808686455542,2.08096401355746,0.567462309708794,0.570400126630753,NA
"chr10:110495072-110508344",2.06330314148303,0.262752390306568,1.37127449152732,0.19161181217184,0.848046289189405,0.983503130623227
"chr5:113794314-113803150",2.45403373251765,0.96699206624314,1.22677965359042,0.788236146086251,0.43055858984119,0.870796405151228
"chr4:49207203-49287862",5.92227203858921,0.591725880656748,0.662617300499793,0.893013026086742,0.371850196968646,0.847517130202294
"chr14:79973875-79987917",2.3075190062126,-1.23832127852118,1.39440800704926,-0.888062369307256,0.374507203144158,0.847517130202294
"chr8:64139289-64145423",3.32497877005844,-0.162967014835855,0.956626310249372,-0.170355982361987,0.864730187059564,0.984990341532587
"chr2:24125860-24161334",1.15627221682983,0.409349316775612,2.00330241873502,0.204337254798551,0.838089958964776,NA
"chr4:67449579-67455064",0.87430259526327,-0.587433138310124,2.60264837794348,-0.225705916822423,0.82143015587248,NA
"chr12:5593776-5632155",1.68916273285227,2.89218154250848,1.70885383273748,1.69246865185385,0.0905566522933535,NA
"chr1:104785950-104795565",2.7603465002525,-0.0835182555908144,1.06939096682128,-0.0780988975800582,0.937749384121273,0.988190455432406
"chr19:33010738-33073342",1.22381810814774,-0.953022905959757,1.95887361661253,-0.486515770020842,0.626601527038443,NA
"chr2:251176578-251376470",1.20883290558957,1.53470362104527,2.35014972450724,0.653023764844199,0.513740957834074,NA
"chr9:66751637-66770533",0.418430247576546,-1.89248775695908,3.45567552905122,-0.547646253547038,0.583934823273292,NA
"chr4:62265575-62272586",0.873704823659749,-2.96360879248982,2.49850231948094,-1.18615410895656,0.23556144542856,NA
"chr18:24381676-24395203",1.02580521175969,-3.1885097031889,2.29739978030005,-1.38787760429422,0.165174318548411,NA
"chr7:59566764-59587384",1.86611694742574,-0.763919907937566,1.45040749429819,-0.526693298911287,0.598406589839816,NA
"chr7:134656908-134667817",0.981281848915303,-0.878360858642542,2.44148973031136,-0.359764306086401,0.719023397948112,NA
"chr3:21878521-21904269",6.52959375873744,-1.18648748015842,0.669998622821907,-1.77088047608391,0.0765805796613085,0.479506840539845
"chr10:57551345-57563686",0.969477311542468,3.72375352284342,2.37997218069183,1.56462060903627,0.117671893637018,NA
"chr8:45691134-45743143",50.6236748786307,-0.549934966183276,0.228958154043221,-2.40190164216411,0.0163100932006427,0.214276572583411
"chr15:55151603-55178994",1.43545968216511,-1.27513062229481,1.80429065755729,-0.706721290693333,0.479739695972,NA
"chr9:112317485-112353641",2.66309554180319,-0.553733682441636,1.08788307639449,-0.509001099894711,0.610751453153784,0.914627885183078
"chr7:18427969-18430356",0.865877534805138,-2.95151372496351,2.51633253881504,-1.17294263752334,0.24081880969472,NA
"chr17:24052253-24058139",1.46606060719047,0.654193162807894,1.74814491925187,0.374221356366645,0.708239636350937,NA
"chr1:174609600-174613577",6.00945119121605,1.39356672119396,0.624628992876954,2.2310311194096,0.0256790677385266,0.294554012294864
"chr6:49198513-49249731",3.28898459692141,-0.919951645435816,0.938186461787333,-0.98056376094281,0.326807912427492,0.838114384859878
"chr5:64346707-64358597",3.39263190225594,4.04515361057777,1.32715152226596,3.04799681325847,0.00230372370407527,0.0683604968709293
"chr3:1988750-1998592",2.1236203242061,-1.33885934714577,1.34827660712694,-0.993015335331497,0.320702481180108,0.836168895446201
"chr2:237830424-237851960",1.5608352791794,-0.347717994377492,1.69318221059514,-0.205363600090785,0.837288057075551,NA
"chr13:34519015-34528874",1.70487167957173,1.20451937074849,1.62341478690599,0.741966489688159,0.458107639071851,NA
"chr1:221156954-221157236",0.408724446660144,-1.86160677445411,3.45722256541783,-0.538468883396613,0.59025338178926,NA
"chr11:31723564-31733245",4.89356108351341,-0.931792903026059,0.735638756797918,-1.26664466005293,0.205282375910161,0.721314255917885
"chr4:49207203-49220556",14.987668687204,0.567433937793295,0.424465096039844,1.33682119704851,0.181281008353161,0.689784840528456
"chr6:122741264-122741693",2.59311899045317,2.45344501713966,1.28758697288218,1.9054596456873,0.0567203482785014,0.420778670653013
"chr18:59207484-59245202",0.304572181648323,-1.4370803743826,3.48211724255358,-0.412703040788117,0.679824196708035,NA
"chrX:984901-1000481",1.3751219231381,-1.97329158362182,2.04784013148474,-0.963596500177544,0.335248262171457,NA
"chr17:84900262-84922765",1.32005535072672,-1.90352319662466,1.90844508112384,-0.997420997571345,0.318560203442161,NA
"chr5:50318351-50319000",4.70632555067406,-0.144916405612246,0.722419001493333,-0.20059882881359,0.841012273928935,0.980781603302298
"chr2:172312783-172322184",0.656662411016865,-2.55428331944207,3.18504225755119,-0.801962144579495,0.422574856261387,NA
"chr10:91140959-91159440",1.00090013001638,-3.15541969529662,2.13644373987777,-1.47694958514431,0.139689151832287,NA
"chr5:60591600-60597799",1.2683414536639,-1.83314219855034,2.12801821261649,-0.861431630463544,0.389000361427806,NA
"chr15:36934315-36940208",1.73576771087325,-0.651260887076781,1.36914712944663,-0.475669030062533,0.634310188033424,NA
"chr9:73752937-73773659",4.21609000886771,-0.130503908694357,0.74817505851768,-0.174429643448577,0.861527819301849,0.984990341532587
"chr18:17404077-17502228",0.873047772544154,-2.96261198686641,2.50595853382903,-1.18222705877724,0.237115618768288,NA
"chr14:7186515-7190518",34.6670644419101,-0.150936225263615,0.266356811395464,-0.566669290238339,0.570938888996097,0.903237156981145
"chr20:13906484-13921285",1.65502205282086,-2.00695632732203,1.71084968100998,-1.17307578193383,0.240765417334061,NA
"chr11:86824053-86834088",2.14496296793874,-0.048603126955544,1.23454073886067,-0.039369399020723,0.968595877030622,0.988190455432406
"chr9:50929639-50942793",0.975826655812711,-0.858968039803199,2.44948219981862,-0.35067331367699,0.725833448307279,NA
"chr3:51187491-51198927",0.975885935324785,-3.12260804335686,2.34716569471244,-1.33037392732489,0.183395100571664,NA
"chr11:89316354-89332868",4.90842317586546,-0.273149484342827,0.714454024648497,-0.382319190485649,0.702224621975495,0.94251387315295
"chr18:2005294-2013322",1.23527770301313,-1.42085583747034,1.97519408810079,-0.719349984910364,0.47192530512696,NA
"chr11:74759325-74786639",7.08251885517747,-0.0906808042334119,0.547086580226616,-0.165752199945847,0.868351964570344,0.984990341532587
"chr1:204960841-204961691",2.63141191470149,-0.194872349177544,1.17884872463501,-0.165307341905027,0.86870208031845,0.984990341532587
"chr15:48165423-48172696",2.91021765291274,-0.509984904305459,1.11367434028628,-0.457930012264054,0.647002724049185,0.928913526315867
"chr5:119207376-119225330",0.930448153899636,-3.04694964702352,2.43676339741634,-1.25040849277946,0.211150363763747,NA
"chr7:95160663-95185992",2.02423044379026,-1.00733156633639,1.26453760743301,-0.79660071825088,0.425682960147293,0.869846168564453
"chr4:96739878-96745521",10.6625878540862,-0.22844740061517,0.477072165247117,-0.478852922590522,0.632043264104653,0.926195044664186
"chr4:151118221-151124504",4.8939802740027,0.193479597128021,0.686662288934109,0.281768199952199,0.778121256104689,0.955627284144572
"chr12:8189807-8220963",0.871733670312964,-2.9602264784455,2.76304645542041,-1.07136326739576,0.284006122493052,NA
"chr5:157863697-157864867",1.73743741083013,1.7822108179694,1.52295695882514,1.1702305883577,0.241908186358507,NA
"chr5:90817794-90827570",1.32149336978738,-1.56520087121484,1.90490521478971,-0.82166863687631,0.41126551374354,NA
"chr1:278698312-278749829",4.88911118717761,1.21205893043907,0.736879408046112,1.64485384881759,0.0999999542354002,0.534692886869162
"chr3:140555175-140616459",1.22394273461905,0.965843424736027,1.9606133528382,0.4926230984492,0.622278923973868,NA
"chr2:34462446-34503654",1.31965666304965,1.78227496125999,2.01906328481979,0.882723674220577,0.377385587780327,NA
"chr12:39627016-39635912",2.52490047024245,-2.35901124691679,1.25628498487631,-1.87776760473583,0.0604129637585567,0.436315849367354
"chr4:168499186-168517342",18.9715567400609,0.323902156559294,0.342601417719124,0.945419778807922,0.344444608425171,0.841007582407382
"chrX:157321814-157323322",0.204362223330072,-0.864529267836178,3.52826081804341,-0.245029863839715,0.806433308056728,NA
"chr9:27486557-27511176",1.07872409810542,-3.26656363612301,2.2293922272881,-1.46522608096492,0.142859246142527,NA
"chr1:251246098-251253724",0.567161488664641,-2.34228882448203,3.38014931479587,-0.692954247384625,0.488338264476499,NA
"chrX:114016360-114105957",1.74003863399233,-0.778205866824977,1.60245227215282,-0.485634349520747,0.627226437858387,NA
"chr1:154439745-154447475",4.24579254522099,2.17135646345954,0.848024399035768,2.56048819577413,0.0104525214302089,0.17264344127198
"chr15:27768888-27769399",1.27202361043911,-1.4528193675332,2.13351773001357,-0.680950219956205,0.495902989541028,NA
"chr17:79609613-79612177",5.25975562282215,-1.79159546260997,0.766255897079282,-2.33811637788231,0.0193812118328179,0.242709671117399
"chr16:31918079-31926351",0.809128395703261,1.57231451351553,2.71143024261235,0.579883815119162,0.561992970860109,NA
"chr5:139438595-139440842",1.87265232915477,-0.233349375782064,1.41972295435661,-0.164362613893085,0.869445693062656,NA
"chr9:10742897-10743276",0.856079092603742,-2.93554692430048,2.78432435594032,-1.0543121235274,0.291740039982844,NA
"chr17:5546407-5571375",2.17306991399964,-0.460590548568622,1.30953888461618,-0.351719642676834,0.725048527954825,0.946854791937773
"chr7:51410270-51416139",6.81109617343448,-2.27890511624399,0.702065495848546,-3.24600073599915,0.00117038536892162,0.0456450293879432
"chr8:124353233-124355370",5.68547439931945,0.899961391357306,0.649312200171826,1.38602261149436,0.165739999128316,0.677350595239973
"chr4:140870957-140876764",5.10318823443479,0.308798030835451,0.693995325785707,0.444956931786025,0.656350878490388,0.928913526315867
"chr14:86326421-86326743",0.795425558688396,-2.82523926996831,2.63652088458006,-1.07157856647068,0.283909364611432,NA
"chr4:10775672-10777395",7.68770417802408,0.298194238205578,0.577446910083486,0.516401132291912,0.605574275121466,0.912263527159637
"chr9:66751637-66758584",1.33994002337847,-1.58574289267971,1.88743813413935,-0.840156222340388,0.400820800335722,NA
"chrY:572537-573919",0.872331441916485,-0.5694823027775,2.8526427083456,-0.199633238719816,0.841767430273849,NA
"chr13:35658619-35669017",2.11869151707684,-2.62204081221545,1.42747303340413,-1.83684087254706,0.0662333901085172,0.447567215337257
"chrX:139736501-139737195",2.41407790800076,2.31544704398425,1.20429943787578,1.92265060595593,0.0545239439810727,0.411188859304775
"chr3:176914734-176926722",1.08760717267868,3.89786732065431,2.41751949408103,1.61234162959087,0.106887619110816,NA
"chr6:18891572-18900610",0.785518003538715,-2.8087810381187,2.6586158358061,-1.05648247493684,0.290747843342941,NA
"chr6:105664810-105676672",1.5359854153717,-2.15163716766415,1.63546018174414,-1.31561574637026,0.1883030457519,NA
"chr8:33312321-33317709",11.9453165696819,0.545927673934832,0.4578728854179,1.1923127385815,0.233138641486315,0.751590562386689
"chr2:187525295-187532740",7.70558805638533,-0.115547602803723,0.548232037404957,-0.21076404682708,0.833071394794082,0.978823684110875
"chr13:95193009-95196402",9.49057557556568,-0.915164381580305,0.532849326219389,-1.71749186223707,0.0858893400533048,0.518756412268854
"chr3:13270114-13288615",1.9314232907293,0.334539825236316,1.50195206835658,0.222736685334017,0.823740447734544,0.974649457558215
"chr8:65258584-65319417",1.11992074808359,2.30566137658467,2.26904013339014,1.01613953083316,0.309562946809675,NA
"chr16:2138232-2171786",5.15049031190785,0.221177523123304,0.72261859742061,0.30607781741682,0.759545397067105,0.951866267770906
"chr19:12691066-12713398",2.15201356011044,1.7046262300313,2.95824948681414,0.576228015124948,0.564461071546527,0.903237156981145
"chr9:88630024-88653711",6.10894477931359,0.0598389894702688,0.621314026928041,0.096310379094659,0.923274068083255,0.988190455432406
"chr5:76006448-76011558",1.24392591440282,-1.44222482825314,1.83363690554465,-0.786537849392136,0.431552454006505,NA
"chr15:51822314-51823271",3.01973709778234,0.546898184380993,0.947317402012507,0.577312507106011,0.563728366239898,0.903237156981145
"chr6:125776335-125791354",0.762382320908912,-2.76886313495948,2.69634662847198,-1.02689435613424,0.304470212172322,NA
"chr17:35907623-35909078",0.620366020677517,-2.46344654972363,3.27011242388297,-0.753321669228273,0.451256640420747,NA
"chr4:58737815-58748928",0.982034473442947,2.11403402013666,2.66639031136127,0.79284492263902,0.427868179892935,NA
"chr19:42917629-42920390",2.43905215984042,1.22522570073105,1.17156841680904,1.04579953091272,0.295653597801494,0.819946716651511
"chr6:54522274-54530157",11.0583270489177,0.268032657147352,0.950287641908031,0.282054238450564,0.777901921577032,0.955627284144572
"chr1:164367968-164380890",0.313822685682409,-1.475308488668,3.47957196328698,-0.423991371419818,0.671572106066012,NA
"chr11:89108654-89110961",6.58628888625103,0.244071419357749,0.618326490750248,0.394729035564373,0.693042871945814,0.936637148718848
"chr9:121831708-121843361",9.00681834604735,0.512989875809948,0.559998606847769,0.916055628598019,0.359637718726795,0.841007582407382
"chr6:76591791-76626199",3.82259668869208,1.00762109176859,0.868756736095266,1.15984262326122,0.246112886753827,0.761268176522807
"chr2:123738973-123743608",0.978483899241179,-0.693664801209474,2.65772468157076,-0.260999495553282,0.794092896267712,NA
"chr1:259396273-259437470",2.008189925123,-0.931450596943518,1.47392021883736,-0.631954555639554,0.527416572849067,0.897055804749136
"chr5:156454276-156455447",0.479631719659202,-2.09943001024662,3.44610472219664,-0.609218285423545,0.54237976168248,NA
"chr9:69854064-69860576",2.8769844312846,-0.0312430754723185,1.01303793416292,-0.0308409728981521,0.975396364301597,0.988190455432406
"chr11:34668091-34722272",0.365775516203104,2.37520696897225,3.50692129276354,0.677291210918659,0.498221206248895,NA
"chr4:6164583-6169550",1.35101920603813,-3.59411926577648,1.80426238207573,-1.99201585173083,0.0463693186594676,NA
"chr10:74892407-74894828",1.28550664286691,1.18823739995399,1.91381116418096,0.620874944296038,0.534681907965153,NA
"chr17:5559657-5571375",1.83664827717156,-4.02827444072304,1.72184148597766,-2.33951526521374,0.0193087824740809,NA
"chr4:119077003-119083375",1.36928263422138,0.75297273973682,1.82440233054296,0.412722965286242,0.679809597129336,NA
"chr2:206549585-206570833",1.70091513112833,-2.06884704413728,1.67911390702894,-1.2321064315392,0.21790932922302,NA
"chr6:29142111-29146505",0.930048470249211,-0.764546900741729,2.50763308496972,-0.304887866300807,0.760451557362437,NA
"chr2:225570720-225591523",2.09382361455813,-1.09568519602529,1.35324210676671,-0.809674182133746,0.41812746029386,0.869632712935665
"chr15:3233141-3239097",1.886829369314,-1.02046183277999,1.4272408305001,-0.714989237256071,0.474615693769649,NA
"chr17:1057871-1065593",1.55702642312154,0.543850090355402,1.69090500703367,0.321632550671473,0.747731081230757,NA
"chr4:58420810-58485447",1.6854837991688,0.115077587708143,1.78775392301682,0.064369925987325,0.948675675934474,NA
"chr14:45668936-45683858",4.115514453963,-0.913403033492958,0.778035315537523,-1.17398659836143,0.240400393626482,0.753090502802719
"chr8:68539308-68542150",6.6423612562707,1.09336432458206,0.642647755039416,1.70134310126859,0.0888785789203378,0.52742259923502
"chr5:24464482-24478439",1.70504367284671,0.622243377606309,1.47741694547743,0.421169785219452,0.673631106031942,NA
"chr8:112777013-112778440",2.48564111847945,1.1210716911802,1.22076692436701,0.91833393320473,0.358444067278766,0.841007582407382
"chr4:49201155-49220556",29.8278309740768,0.276061059574484,0.275232084304357,1.00301191364452,0.315855113073473,0.836168895446201
"chr14:37238505-37254001",6.02172658301652,-0.602138123992268,0.639016502153088,-0.94228884850929,0.346044775907899,0.841007582407382
"chr10:16724062-16727861",3.74565360587092,-0.309473228951124,0.837625669598012,-0.369464833974876,0.711781280267509,0.946854791937773
"chr7:119987740-119990759",3.05437054897786,3.1938460590463,1.16774145751256,2.73506266177241,0.00623684021083138,0.121618384111212
"chr8:21481642-21490337",2.96451484446632,2.80527959668918,1.1278065145283,2.48737665597054,0.0128689069751204,0.184905873905678
"chr9:73773518-73799430",1.98656604297133,-0.491069035830546,1.4798810271236,-0.331830077438739,0.740017571374102,0.948776041121522
"chrX:119208336-119223573",1.39663352018215,-3.63694475469065,1.93366049035374,-1.88086004385667,0.0599909597347364,NA
"chr3:147782473-147785568",0.578547005726913,1.12119801874373,3.43872336875226,0.326050658489158,0.744386027569145,NA
"chr5:8794167-8810643",2.6379770796949,-0.00568416543012338,1.14982662489335,-0.00494349783442405,0.996055675466903,0.996853543055016
"chr7:95160663-95173717",1.52312332766647,-0.397063054731126,1.57742288862652,-0.251716301059163,0.801260356199055,NA
"chr10:66806816-66822005",2.46038874786398,-1.56486765925293,1.20558889449392,-1.2980110105525,0.19428355145541,0.709083015338596
"chr9:61312543-61318404",1.45065982949079,-1.74944124376484,1.81445325674967,-0.964169915789788,0.334960744591042,NA
"chr8:55398022-55402713",4.8195553332667,-0.486091278033496,0.715905849101662,-0.678987716951127,0.497145644720307,0.891574348704408
"chr4:181910549-181913546",1.00137976458611,-1.41220242670516,2.21559509255405,-0.637391927546303,0.523869585217927,NA
"chr3:122130941-122141403",5.11790134206484,0.489470026712927,0.720813460349367,0.679052284173063,0.497104734437357,0.891574348704408
"chr7:62929510-62931338",13.7483234672341,0.419306079335415,0.410705020784159,1.02094218019257,0.307281833399255,0.831836523128894
"chr10:55419844-55436069",1.52248066630993,-1.84531653597756,1.78203113617897,-1.03551307186152,0.300429364945249,NA
"chr9:71954951-71960153",2.98101171802805,0.56994295778285,1.02926977816167,0.553735249859176,0.579760047382652,0.903237156981145
"chr11:70810417-70820621",1.29510453459771,-1.49304995542184,2.10228381217102,-0.710203801588507,0.477577763766893,NA
"chr1:214562895-214605872",1.45042679971304,-2.06069742786076,1.83035442906537,-1.12584611763581,0.260230659775412,NA
"chr16:62536384-62544437",1.1324395402325,-1.23367208358033,2.07022792875668,-0.595911235880795,0.551234526736212,NA
"chr1:243052191-243058963",0.604766172373189,3.05568504590464,3.30333936447021,0.925029101996221,0.354950769729252,NA
"chr1:204761727-204780713",0.78617505465431,-2.80988301157123,2.65133423126582,-1.05979962029522,0.289235769604859,NA
"chr2:2769668-2779098",0.778347765799698,-2.79641145101969,2.66397634370658,-1.04971331957432,0.293849938009539,NA
"chr1:143712491-143723739",8.99186863429634,-0.5172963943112,0.583263109876668,-0.886900586633334,0.375132425803259,0.847517130202294
"chr2:140592437-140597578",2.0794754850742,-0.984926036573585,1.35077462697687,-0.729156453566141,0.465905965153946,0.891574348704408
"chr1:12452484-12454601",1.86574920825747,-4.04881690620794,1.7211638335617,-2.35237159139552,0.0186541292567496,NA
"chr8:72138878-72148728",5.4785084052439,-0.51636334648326,0.663732987437248,-0.777968484701959,0.436587592587244,0.873815342934881
"chr10:58961407-58965487",2.37790009401378,-0.210809780097807,1.26451149478534,-0.166712426867731,0.867596327154484,0.984990341532587
"chr1:255636891-255637533",0.982650709617696,-0.873097585983525,2.44683577786574,-0.35682721083353,0.721221164173646,NA
"chr2:34244477-34247402",1.29052953180419,-1.07161393603079,1.90898143127772,-0.561353776664837,0.574556388252471,NA
"chr10:776697-822670",0.684650994104869,-2.61090276918994,2.84298931091776,-0.918365313286072,0.358427644013037,NA
"chr12:36958864-36970828",0.913849995580675,-1.23570630428818,2.32576657268581,-0.53131140450659,0.595203003735142,NA
"chr9:96970457-96979167",2.04747420699574,-1.5899648457939,1.50156641831419,-1.05887080744584,0.289658620815281,0.815285250339026
"chr7:138739114-138820528",4.10559202667151,0.0848053047052263,0.828197039873012,0.102397497965254,0.91844116956925,0.988190455432406
"chr3:172518176-172524861",10.2044609385332,3.02551988823297,3.25984514833019,0.928117671412324,0.353346533967589,0.841007582407382
"chr13:83601157-83607039",2.86838711284089,-1.44563520476107,1.03828983034761,-1.39232337879788,0.163824495076657,0.677350595239973
"chr13:35597462-35669017",1.81720195294622,-1.22178160785135,1.35951864257524,-0.898686909902917,0.36881945137559,NA
"chr7:102723273-102723586",0.36471113916928,2.25488764372646,3.51414447328908,0.641660484042646,0.521093651882491,NA
"chr12:24672112-24675150",0.762382320908912,-2.76886313495948,2.69634662847198,-1.02689435613424,0.304470212172322,NA
"chr1:204960841-204980121",5.38795409726522,-0.466160000577887,0.656119305626431,-0.710480543066509,0.477406192381242,0.891574348704408
"chr1:91873487-91879026",2.02660295111452,0.535566394791457,1.47718583532942,0.362558577250387,0.71693465822801,0.946854791937773
"chr6:125568127-125569718",2.64198761893035,1.00440942896932,1.09299632294775,0.918950419028387,0.358121506284302,0.841007582407382
"chr6:104828874-104846483",47.060021362221,-0.954038509498447,0.288201879278143,-3.31031328417435,0.000931916034359504,0.0397520433406476
"chr1:127238866-127255047",1.51421048451187,0.562377744089632,1.7320172096221,0.324695240304416,0.745411737338597,NA
"chr18:72593000-72611211",1.83099897210349,-1.85271952467111,1.58312616641979,-1.17029177078223,0.241883572417239,NA
"chr4:66193731-66212096",1.97902929016242,-0.374009916221026,1.38193953386559,-0.270641303078463,0.786666925651568,0.959320979318533
"chr8:90470886-90483077",5.02697968462405,0.403542861496535,0.652351959247236,0.618596841438466,0.536181983168321,0.899093917159841
"chr1:238998947-239014340",2.60034414072526,1.00819091658342,1.16837228587716,0.862902114993696,0.388191287735255,0.851898887071742
"chr1:204958606-204961691",0.921854700981145,-3.03474069224047,2.43789845293376,-1.2448183346556,0.213198535031777,NA
"chr20:47893649-47896656",1.91058874128648,-2.45253660702019,1.49120299667387,-1.64466984876679,0.100037913891488,NA
"chr8:87503726-87511565",1.56125609370146,0.280379361608532,1.69173886919919,0.165734420786379,0.86836595677242,NA
"chr15:110234718-110248309",3.37072045808893,-1.62407687517054,0.96378019684799,-1.68511127379669,0.0919671049447646,0.531928382413575
"chr8:64724416-64765644",1.15448427156267,-3.36694346386358,2.13431845151224,-1.57752628783112,0.114674478255652,NA
"chr2:29105950-29114770",4.02946129798862,0.398567558890571,0.767798446507717,0.51910440911079,0.60368793382216,0.912263527159637
"chr5:76711755-76728269",2.09416219150755,0.62091548864557,1.35786107622828,0.457274679653003,0.647473626795634,0.928913526315867
"chr8:87510423-87525668",1.13689190227959,-1.23504049882604,2.06667114933414,-0.597598945155815,0.55010756824539,NA
"chr9:51469347-51524024",2.57762936100143,-0.608182828229686,1.01190583557132,-0.601027098421964,0.547821937566955,0.902022852568027
"chr10:48728451-48753281",0.713296628308467,-2.66628972530643,3.06956152305179,-0.868622344032894,0.385053728973053,NA
"chr5:152619586-152621233",1.75778058892278,1.319449661724,1.61364993547943,0.8176802370286,0.413539798131912,NA
"chr2:202479064-202480189",0.879562821639701,-0.410743587855905,2.57322760553572,-0.159621942098041,0.873178893310223,NA
"chr2:44554761-44564131",8.3251422267506,-0.778769127427873,0.557273729834293,-1.39746247801676,0.162274542457679,0.677350595239973
"chr2:107332440-107336938",0.621958003245164,-0.423176809506086,3.04508982089942,-0.138970222356559,0.889473679798741,NA
"chr8:122024123-122038442",1.01786880995679,-3.17911907830191,2.52927427233035,-1.25692935443211,0.208779217964917,NA
"chr7:70688610-70697117",1.09746038788443,1.36571630993735,2.27035024584684,0.60154432666751,0.547477497314072,NA
"chr6:109800721-109850713",0.973257730862406,-3.11875677193829,2.59888176084214,-1.20003796206861,0.230124597370543,NA
"chr4:29740458-29745262",2.3416094952082,-1.22810642042287,1.23798137382023,-0.992023342510487,0.321186138770292,0.836168895446201
"chr9:92859987-92880445",1.35610744193465,-1.85604166378603,1.87049700824632,-0.992271923239356,0.321064895643489,NA
"chr5:166485517-166492515",7.26606049175219,1.06723250393292,0.549912692625334,1.9407308073539,0.0522909375540369,0.407869312921488
"chr10:110101466-110101880",6.27891689731339,1.59274834074697,0.684852936346722,2.32567936299335,0.0200356622239155,0.24476832821978
"chr12:10527308-10534434",17.7324495646701,0.0545387458403713,0.359484884088634,0.151713599804448,0.879412830251354,0.985030940445168
"chr4:28488037-28520904",1.50709860326361,1.0029345649793,1.73500796155642,0.578057615412666,0.563225221338576,NA
"chr5:128959422-128973060",1.29036519533017,-0.0829017204453843,1.88802333488305,-0.043909266857933,0.964976728542339,NA
"chr9:53646697-53648288",0.941123131868006,-0.781240962605373,2.49340139015582,-0.313323384550031,0.754034985634308,NA
"chr2:247429495-247446708",4.09732249087337,-0.80343829642453,0.912845150660342,-0.880147411467686,0.37877945782184,0.847517130202294
"chr5:100523899-100640984",6.11375710327031,0.715686099553686,0.629275733025541,1.13731717591061,0.255405717047218,0.774730675043228
"chr1:175714102-175714982",0.948554403352376,-3.08409764488577,2.62681789806323,-1.1740812513725,0.240362482353463,NA
"chr8:56605227-56610608",0.885381777922935,-2.98096548133165,2.48830453729521,-1.197990614353,0.230920670879337,NA
"chr17:79740146-79777211",13.313930524537,0.151084731843605,0.420808863602583,0.359034100541881,0.719569579152406,0.946854791937773
"chr13:44907813-44937796",4.43745406748301,0.108730905688132,0.7330916427106,0.148318299313985,0.882091574315962,0.985030940445168
"chr4:82682367-82685493",2.18195115516709,-0.215508232453977,1.22388063529972,-0.176085989301727,0.860226387859576,0.984990341532587
"chr9:51509173-51524024",3.80480307662478,-0.0409358087070311,1.71446723959527,-0.023876693448336,0.980950964916418,0.988190455432406
"chr8:64610881-64623043",1.25791029803433,-0.58243205738651,2.07638817102374,-0.280502492508107,0.779092013448443,NA
"chr4:182569250-182594233",2.04745173457552,-0.746591096403982,1.34770589900658,-0.553971824976285,0.579598128165275,0.903237156981145
"chr2:31816052-31816763",2.84471450185415,-0.194564871019883,1.05372220406279,-0.184645317589122,0.853507238752267,0.984990341532587
"chr9:30996391-31009155",2.33715888044663,-4.38412392387844,1.39897837009888,-3.13380393691761,0.00172556110699374,0.0560807359772964
"chr7:2558105-2558739",8.95956424460244,-1.09086154917614,0.536407907763893,-2.03364181136625,0.0419877229644852,0.384652629842431
"chr10:85169572-85172858",9.4248968965455,0.836085089295448,0.517877128401233,1.61444683196682,0.106430540517143,0.548217689833585
"chr3:123077758-123078115",2.92613795348506,0.867205964375089,1.13570593357703,0.763583194149325,0.445115667445085,0.875934206247928
"chr18:17404077-17496916",23.6605811143107,0.150692786543976,0.308742609800635,0.488085485321522,0.625489291616309,0.920322430726872
"chr9:94463647-94474809",6.56858997896995,-0.481096466506395,0.626257706128402,-0.768208457634143,0.442363349598917,0.875934206247928
"chr8:100006687-100009017",1.17389881438461,0.0732626877376318,1.99132953565876,0.0367908407050245,0.97065177716438,NA
"chr8:61027213-61034811",1.09519779454166,3.90639730314168,2.40792848682483,1.62230619576779,0.104737802737593,NA
"chr6:72717570-72737402",1.355759897381,2.52506809166747,1.89755237359269,1.33069744308911,0.183288584712239,NA
"chr20:14319170-14375435",0.931762256130826,-3.04988571224419,2.66183948322935,-1.14578122815432,0.251885684241285,NA
"chr10:6991635-6992636",1.62945539892109,-0.380341065784123,1.6720901698816,-0.227464446974803,0.820062611883523,NA
"chr20:43092420-43093954",12.6020172299066,-0.735618864619751,0.443534168501737,-1.65853933442079,0.0972086550540947,0.534692886869162
"chr10:92406311-92432295",1.04703040623428,0.690897789135573,2.12966930656141,0.324415526395084,0.745623466490913,NA
"chr13:73615097-73622224",25.7323857032991,-0.197945876977315,0.309991416903692,-0.63855276689423,0.523113916667716,0.897055804749136
"chr1:198967641-198972343",2.98931829988358,-1.46479042440572,1.07557221536798,-1.36187082882628,0.173238653752905,0.687884800332602
"chr9:78919402-78927734",0.209215123788273,-0.864529267836178,3.52826081804341,-0.245029863839715,0.806433308056728,NA
"chr1:220042074-220049075",1.31432991955548,-1.27723923598263,2.04328543521955,-0.62509095105716,0.531911366620046,NA
"chr5:24473219-24478439",2.64884527126859,1.21004648749838,1.07779297793847,1.12270771128318,0.261561651877503,0.784028861284212
"chr1:204959155-204961691",2.0243431547581,-0.699680888965251,1.3460243741435,-0.51981294128531,0.603193958557336,0.912263527159637
"chr17:33632046-33659382",1.7044571188429,-2.26179919988313,1.57193753008933,-1.43886074133912,0.15018998251196,NA
"chr5:119097703-119129476",7.79145106991131,-0.411684646958911,0.629448994016904,-0.65403972501679,0.513086212616561,0.897055804749136
"chr8:72231561-72261300",3.12285769380168,-0.701493034228217,0.911347096773475,-0.769732011778802,0.441458876887716,0.875934206247928
"chr3:21859562-21904269",1.30744346501149,-3.53976707500298,1.83858757612543,-1.9252643284268,0.0541962979124044,NA
"chr15:6349802-6464312",6.49034317182123,0.163628874767761,0.570909148225708,0.286611057602234,0.774410146760366,0.955627284144572
"chr9:50892578-50906966",1.50508708120467,-0.191623839280395,1.61559101339395,-0.11860912674789,0.90558503430062,NA
"chr1:15488392-15494771",12.6191286037058,0.404090983688069,0.450582986035092,0.896818113892561,0.36981598062421,0.847517130202294
"chr10:590904-593608",0.541373742356679,2.87263644496371,3.47144171007511,0.827505308997844,0.407950714216544,NA
"chr12:9229552-9240810",4.87096678998316,0.423763400618399,0.687355835191188,0.616512407289783,0.537556385687565,0.899093917159841
"chr6:124596541-124629605",2.72889861045619,-0.726795435938939,1.14552508310083,-0.634464881355171,0.52577747872121,0.897055804749136
"chr8:85278854-85285823",0.671313753676461,-2.5840990144134,3.15490754264584,-0.8190728189284,0.41274486870868,NA
"chr6:7623900-7698590",3.23119767456252,0.220762799240664,0.901170574998193,0.244973377255584,0.806477045252904,0.967470449365919
"chr9:82580816-82598718",5.76680313820177,0.377316714339111,0.620201959631695,0.608377172112096,0.542937348198293,0.899093917159841
"chr5:73937165-73955766",1.79484837376353,0.0260132341450208,1.44487123217942,0.0180038425332775,0.985635788010416,NA
"chr6:129621583-129660096",5.56439108903647,-1.70344202959712,0.732731560024583,-2.32478321193095,0.020083555135982,0.24476832821978
"chr7:64959567-64961215",12.9151716210012,0.533341119492595,0.428980004876884,1.24327734027059,0.213765651323183,0.730387344591381
"chr14:60581951-60586776",3.74404231961563,-0.728353520744398,0.895939378952967,-0.812949556470643,0.416246980067371,0.869632712935665
"chr8:85436186-85444178",8.83008552329575,-0.280889013210452,0.562223101262018,-0.499604183072418,0.617353811857631,0.915965166506159
"chr4:66193731-66219277",2.71717666610558,-0.687085359086876,1.06216221334141,-0.646874225477672,0.517713348389078,0.897055804749136
"chr5:128714471-128733959",6.60069325043521,-0.383755911135197,0.629983604615987,-0.609152219713907,0.54242354728959,0.899093917159841
"chr19:22143683-22179584",15.6897924851336,0.130384876587155,0.3897010311741,0.334576678420195,0.737944439880805,0.948776041121522
"chr1:25767968-25787662",2.40333754841671,0.209864652056133,1.23442500168219,0.17001004659671,0.865002235630953,0.984990341532587
"chrX:119115334-119117197",3.7065030922176,0.489751511773523,0.841877037329388,0.581737581686653,0.560743453243029,0.903237156981145
"chr14:106492370-106500203",8.81233981417709,-0.0408968449105984,0.532350633159801,-0.07682313566127,0.938764245528829,0.988190455432406
"chr16:7577726-7586144",4.97444557187292,0.673318030191345,0.716550422691939,0.939665945156828,0.347388938536043,0.841007582407382
"chr13:89163767-89176307",1.38395333086933,-3.62500892150266,1.93021845622682,-1.87803039070966,0.0603770077486239,NA
"chr8:26290097-26294259",16.1500694405404,0.116754134017181,0.37784568057402,0.308999520226907,0.757321891778756,0.951866267770906
"chr16:49367616-49369496",2.00530002708978,1.320549717649,1.37681951185214,0.959130595028064,0.337492959212736,0.841007582407382
"chr2:22790074-22792220",2.15266968630838,-1.54901709820677,1.23917925872394,-1.25003472040186,0.21128686430965,0.728929224815379
"chr18:31461554-31463598",6.34456784123652,-1.16654382585758,0.633134163527711,-1.84249072796484,0.0654034015428678,0.447567215337257
"chr11:64795077-64815165",0.668685549214082,-2.57884547597994,3.16030790393706,-0.816010830073632,0.414493941576578,NA
"chr10:61207781-61217982",3.00396908213521,0.148376076408077,1.02511786931104,0.14474050336065,0.884915758809431,0.985030940445168
"chr2:188298849-188309036",2.02234016545888,1.54728091801016,1.38888806192809,1.11404292428159,0.265260772410044,0.785425063643624
"chr14:88724076-88775039",0.847917077351787,0.792264224111746,2.8786512927564,0.275220630614529,0.783146737840827,NA
"chr6:125568127-125594377",7.33677865284162,0.0533723389156184,0.555547700952489,0.0960715683353766,0.923463732015699,0.988190455432406
"chr17:34787652-34799549",4.19867817735742,1.05785983101756,0.781482791825097,1.35365722967106,0.175845759385725,0.687884800332602
"chr19:37629883-37633959",3.25996165720587,0.477905342481428,0.836448561117011,0.571350546461845,0.567762044573925,0.903237156981145
"chr5:117024123-117030956",1.31561603235222,-0.567036218782231,2.03745610180411,-0.278305980816046,0.7807774853852,NA
"chr8:64205386-64214997",2.33790886827163,0.0548418765136349,1.21786750185802,0.0450310698248916,0.964082543926758,0.988190455432406
"chr16:71828773-71874158",5.30478058082586,-2.63910850606683,1.50320465123325,-1.75565482976763,0.0791473639734339,0.484467048536938
"chr17:5511386-5548199",7.2804073066123,-0.352319056090689,0.593057931840661,-0.594071906259146,0.552464020168206,0.903237156981145
"chr5:122655270-122671094",3.41782486999797,-1.17637039715429,0.988615796363135,-1.1899166506158,0.23407915339601,0.751590562386689
"chr2:189723524-189729005",2.11529222351559,-1.26528661925286,1.35018442152268,-0.937121328822565,0.348696151277298,0.841007582407382
"chrX:128202172-128211753",0.713042828298924,1.53290464339557,3.14765246456083,0.486999330661317,0.626258805282655,NA
"chr19:29642344-29645344",1.0534340540492,0.721816400887806,2.30903141073629,0.312605708840331,0.754580240338959,NA
"chr10:38712831-38720071",1.69398022882763,-0.785414455827612,1.51606274172952,-0.518061973432321,0.604415030611237,NA
"chr11:89328437-89332868",1.71692050154283,-0.0144870993347257,1.47822042461929,-0.00980036474496474,0.992180565452356,NA
"chr1:116643750-116660509",2.4863757176271,-0.377238606317131,1.05441629643608,-0.357770083402728,0.7205153806311,0.946854791937773
"chr12:9165634-9177290",0.203048121098882,-0.859804127123077,3.52848718865857,-0.243675003238413,0.807482534415386,NA
"chrX:105071497-105074006",2.68099447833811,3.08402816509245,1.23113410331825,2.50503024551114,0.012244092257753,0.181429580086917
"chr16:71849834-71853546",4.68020195420478,0.308400426328007,0.690810362135652,0.446432831978059,0.655284621139369,0.928913526315867
"chr1:175252582-175284224",2.15588636141726,1.7472144188133,1.33400297889638,1.3097530113904,0.190279403754939,0.702465859311916
"chr12:40329454-40332371",15.0714188347752,-0.702580846169538,0.437806288246932,-1.60477559375133,0.108543198933137,0.548623218629885
"chr3:166743545-166746478",9.72599072167502,-0.28657189178267,0.487357646063733,-0.588011482116348,0.556524585863211,0.903237156981145
"chr9:112317485-112318444",4.92405406295392,-0.594964408469265,0.680057742360004,-0.874873369435601,0.381642810478135,0.847517130202294
"chr19:30869716-30870010",6.67305210452669,0.0303183410451899,0.625859684485539,0.048442712954281,0.961363419228789,0.988190455432406
"chr4:152355108-152355930",2.40677245984028,-0.347138697126849,1.10344488450037,-0.31459541115552,0.753068863755513,0.950914892716259
"chr8:85436186-85452774",0.994733127326988,-3.14755369262169,2.14285167902953,-1.46886213517455,0.141870186694652,NA
"chr1:204975105-204980121",0.773494865341497,-2.7877920751843,2.94410899146286,-0.946905187025399,0.343687094573638,NA
"chr12:38068945-38075574",0.611115516643431,-2.44327625194627,3.28926496030641,-0.742803112984448,0.45760089051238,NA
"chr5:58870933-58873011",2.16441854218869,-2.10878355884174,1.35690448969236,-1.55411348024934,0.120157350278175,0.573478262691288
"chr15:57348408-57351717",0.768549323598302,-2.77893053385684,2.95042690660564,-0.941874048001379,0.346257128405796,NA
"chr1:265605456-265653628",1.05817872538611,-0.6592849397579,2.30816421672082,-0.285631730611671,0.775160197964221,NA
"chr16:49648477-49663240",3.33130486704624,0.725341986206375,0.874714799524833,0.82923255282796,0.406972827999502,0.865944412820686
"chr10:71303915-71311129",2.24631077651069,-0.345195958946463,1.17479062502783,-0.293836153942993,0.768883107075118,0.955627284144572
"chr1:278580846-278594581",8.98379894562478,-0.173048364284949,0.525835577990127,-0.329092156423463,0.742086032623503,0.948776041121522
"chrX:123718252-123720910",2.70763152979289,-0.117460342992488,0.998899898887533,-0.117589703556185,0.906392763712966,0.988190455432406
"chr7:97632031-97695742",0.616625468217227,-2.45446965435335,2.981982591513,-0.823099927323183,0.410451170141283,NA
"chr3:59048947-59063253",0.816134791089098,-2.86044498330662,2.876703242708,-0.99434830150013,0.320053327938583,NA
"chr5:136420692-136471341",20.0357304939099,0.0845815110797869,0.36151870641814,0.233961644524027,0.815014755548767,0.970568198747122
"chr20:45189472-45193661",2.34749402546457,0.856771548542685,1.39139969212657,0.615762353111651,0.538051377607268,0.899093917159841
"chr19:34298523-34346224",1.69331010937828,-2.32062951861107,1.57290323153188,-1.47537971318868,0.140110486338932,NA
"chr1:247944245-247960553",14.6499133236036,-0.704827081679629,0.473803520109082,-1.4875935947402,0.136858103665699,0.62049302755885
"chr8:55345176-55402713",1.57239994274483,-1.91250563458468,1.64257215210335,-1.16433584493422,0.244287935613157,NA
"chr1:137247124-137257406",0.744192180022304,-2.73563100100257,3.00014962731271,-0.911831522034093,0.361857413883729,NA
"chr6:144216930-144225627",0.306543334995108,-1.44531416743121,3.48156347565664,-0.415133654042775,0.678044064140115,NA
"chr6:96487054-96541680",1.92656473826605,1.19300973129665,1.40720556520001,0.847786393686618,0.396556941982879,NA
"chr2:20488617-20531444",16.4080884123875,-1.08304738535088,0.398126244798887,-2.72036169305537,0.00652105448774125,0.121934785969408
"chr3:108833170-108851078",0.959329953641075,0.366853816181024,2.46245238627069,0.148979049595599,0.881570164464773,NA
"chr1:139943398-139956356",20.7021611919351,-1.53885712188349,0.365740096952738,-4.20751548628355,2.58193714391618e-05,0.00474642233373938
"chr19:25886356-25903940",10.5579547956217,-0.785954805273705,0.495099704857623,-1.58746773137286,0.112406749721032,0.55592468612032
"chr4:150781208-150803194",5.30731821087055,0.207584102330355,0.669791044231401,0.309923675627168,0.756618998118674,0.951866267770906
"chr11:84619089-84633565",12.1029694321582,-0.45977686337868,0.502868244712455,-0.914308803972271,0.360554605786026,0.841294080167394
"chr19:38861941-38868361",1.54897282291411,-0.0341807368572511,1.57166447709938,-0.0217481131343849,0.982648884103956,NA
"chr10:15358869-15376292",1.37983547010203,-0.267688524142433,1.96566397105517,-0.136182240751321,0.891677214194795,NA
"chr8:64712695-64734479",12.97744839202,0.911054116635093,0.434535559770044,2.0966157916218,0.0360276002231514,0.375402093928257
"chr20:34646376-34656748",2.60052705241924,0.657898447409766,1.08163985988949,0.608241681734048,0.54302719347961,0.899093917159841
"chr4:176858542-176879489",1.49866994478592,-0.787781255901686,1.88634446052666,-0.417623224382751,0.67622261380181,NA
"chr12:24301970-24306006",3.06983720898485,-0.368086191592993,0.947112952749775,-0.388640225565831,0.697542305782495,0.940854987542594
"chr1:163203870-163216364",6.35489454768118,-0.0949270946170678,0.584390334806422,-0.162437824452576,0.870961086744943,0.984990341532587
"chr5:77106304-77114667",1.4189854524137,-1.71993721519931,1.72107936617785,-0.999336375183512,0.317631769981613,NA
"chr5:75990187-76011558",3.520947223008,-1.29704454132923,0.870719315132189,-1.48962417484941,0.136323081889303,0.62027002259633
"chr19:22172781-22179584",6.32942386368395,-1.92244219958333,0.754862177236261,-2.54674595913902,0.0108732556534103,0.17264344127198
"chr4:124694516-124767723",1.48118890079117,-3.72283384291099,1.69954325985801,-2.19049078116554,0.0284886626593653,NA
"chr12:48835825-48837529",0.175059538010878,-0.750824945158805,3.53112465734264,-0.212630540696867,0.831615148094947,NA
"chr9:11194239-11219449",3.79018475288405,0.959073889416746,0.791957790118917,1.21101642206554,0.225889110905442,0.741368556801169
"chr10:48182246-48200848",0.836153133808664,-0.928641730002821,2.64647765982604,-0.350897248860157,0.725665435512171,NA
"chr8:126382526-126390804",1.23924052257799,-1.78419806118649,1.82931180174215,-0.975338408404355,0.329392424412174,NA
"chr8:131890854-131899165",1.62451303492737,0.825873166923796,1.54828968138675,0.533409979316073,0.593749811010523,NA
"chr15:19972055-19973319",0.985077159846797,-0.87863308343856,2.43706886458348,-0.360528623629487,0.718451855232613,NA
"chr3:148837814-148852242",1.1987311106838,2.31974252106332,2.01662541907781,1.15030907530865,0.250016594265486,NA
"chr2:49109238-49112006",3.53826553108532,0.104358818265271,0.832970507206352,0.125285129980501,0.900297823981521,0.987680674751133
"chr8:104493052-104514522",31.1572920075358,0.366788848772753,0.265151397505048,1.38331855771482,0.166567210241811,0.67869922979126
"chr1:166351174-166368428",19.741505054276,0.0210135841793286,0.348257103206943,0.0603392837815051,0.951885414994859,0.988190455432406
"chr9:43968846-43977575",5.95626650702227,1.57296877666859,0.715666052201237,2.19790888757469,0.0279555994336441,0.315366886172927
"chr5:147482283-147483432",7.71344847548361,0.176914500206305,0.628591699215347,0.281445810415794,0.778368485824831,0.955627284144572
"chr12:28218157-28225010",1.21588168901662,-0.0116139026886425,1.95756514298278,-0.00593283075675638,0.995266313707105,NA
"chr17:81177595-81187710",37.9849775271943,-0.699197114022161,0.263059563257854,-2.65794219895667,0.00786193755753054,0.141204536395121
"chr16:2121549-2126628",3.80714741630971,-1.82764838880437,0.89817280926918,-2.03485161200937,0.0418658060402376,0.384652629842431
"chr10:61200500-61221171",1.15448427156267,-3.36694346386358,2.13431845151224,-1.57752628783112,0.114674478255652,NA
"chr6:124625936-124677509",2.7813956242677,0.541822862625028,1.02373338884239,0.529261689156888,0.596623927985414,0.911576821824109
"chr17:43199061-43220414",0.953407303810577,-3.09163445314758,2.38607175294947,-1.2957005376414,0.195078676074223,NA
"chr13:77000105-77051919",0.730486655372384,3.33278484944876,3.02641663341042,1.10123134159922,0.270795984306819,NA
"chrX:1729687-1730287",0.882955327693835,-2.9773787921232,2.48523084844849,-1.19802906598474,0.230905701660853,NA
"chr10:62623758-62664462",68.8187763107919,-0.0712270064822134,0.217665432365241,-0.327231594416402,0.743492726252643,0.948821155327121
"chr8:12160079-12161683",5.96129792795712,0.209687976416986,0.608115788088649,0.344815873102144,0.730232799112428,0.947142759447761
"chr16:2114006-2126628",3.48467199819674,-1.00691619775366,0.878500265239794,-1.14617631615491,0.251722205411152,0.768681902430027
"chr1:45923228-46014665",2.3392382629147,-2.82968072205388,1.36070380588451,-2.0795714025467,0.0375648622778013,0.384652629842431
"chr9:43004144-43004499",0.824728244007589,-2.8744475024643,2.85071255668801,-1.00832596949159,0.313297999767451,NA
"chr8:104192886-104202285",6.89011623548256,0.624654054457549,0.603445079078319,1.03514648824649,0.300600504855577,0.824021233627479
"chr1:177569617-177569872",1.55627248890668,-0.167357578849776,1.70576867358411,-0.0981127051056277,0.921842798987368,NA
"chr1:259396273-259409897",0.946583250005591,-3.08227199891497,2.39495186740684,-1.28698703337714,0.198098807683125,NA
"chr2:113177840-113198013",5.62951303956876,-0.0830549130122099,0.669174301163251,-0.12411551499786,0.90122381395332,0.987680674751133
"chr14:104268362-104277402",1.97238665795722,0.285501112326112,1.27762929245093,0.223461620685311,0.823176250165003,0.974649457558215
"chr2:20507150-20519067",3.85732404288156,-0.920797458350033,0.880476914546005,-1.04579398180453,0.29565616034532,0.819946716651511
"chr10:57508985-57541484",1.27328787923409,-3.50611815442333,1.859169717962,-1.88585158232176,0.0593149576343969,NA
"chr17:81173780-81187710",16.7505703854434,-0.651434588988776,0.391501941447396,-1.66393705885697,0.0961250081944969,0.534692886869162
"chr5:78495231-78516521",3.01308331903313,0.434856753567658,0.991134088130946,0.438746642634095,0.660845126281015,0.928913526315867
"chr6:36764013-36766059",1.2774837285767,-3.51022404744122,1.8449733285719,-1.9025879632408,0.057094330993862,NA
"chr14:82239645-82240095",1.32855029651318,0.638013550788305,1.86542376919436,0.342020703994703,0.732335311296917,NA
"chr1:92039556-92043956",3.98125529878134,1.67798455779738,0.830832675960394,2.01964198851198,0.0434205364781514,0.387176620034621
"chr4:152526403-152536014",4.28399467286571,0.677920704792079,0.779578419181524,0.869599116794209,0.384519520616567,0.847517130202294
"chr18:69634006-69647714",1.21924397185299,-0.975764756308684,2.14186243401569,-0.455568359952634,0.648700399714736,NA
"chr6:27858538-27897891",0.688846843447475,-2.61893040619659,2.83553551959439,-0.923610509584171,0.355689140046258,NA
"chr7:130522030-130524289",5.50979724144597,0.777280672894635,0.680301708095642,1.14255287565052,0.253224280647079,0.76982437212308
"chr3:38609106-38614592",4.47347121407122,0.759948907497432,0.700988797066104,1.08410991827273,0.278316065754133,0.808300914371047
"chr7:70790920-70792642",2.88667077883949,-2.29117393860499,1.17685637959266,-1.94685942850394,0.0515515898369461,0.404413334065698
"chr5:106171074-106171781",3.6634068764094,-0.0518810286361798,0.87386406265447,-0.059369678710193,0.952657663328868,0.988190455432406
"chr18:17549971-17556889",0.9312748562304,-3.05939201132501,2.65515328736159,-1.15224684988531,0.249219650839263,NA
"chr3:63717453-63756786",1.51954033591118,-3.75612468283407,1.86134795615706,-2.01795944192453,0.0435954854945847,NA
"chr18:2038036-2047808",0.863906381458353,-2.94852717960571,2.51920878609525,-1.17041794863533,0.241832816112423,NA
"chr3:161474539-161487731",7.84988253377605,-2.22371656273748,0.674143562784483,-3.29858013262433,0.000971751399955315,0.0401951715436062
"chr17:87396008-87396291",0.937094791158763,-1.27800888955603,2.29885954300481,-0.555931698152191,0.578257547874894,NA
"chr1:62532596-62541278",0.983715086651521,-0.669545029748054,2.42141969296944,-0.27650928572691,0.782156928587817,NA
"chr1:47030544-47032563",3.91786132343332,0.396634608216149,0.767218612175187,0.516977302064697,0.605172003665098,0.912263527159637
"chr13:41898165-41907307",4.35282724018338,-0.437908138275313,0.757463672255244,-0.578124277526739,0.563180217361619,0.903237156981145
"chr18:1337228-1354828",3.61168492657326,0.411620661172996,0.821709082157904,0.500932349551294,0.616418734645322,0.915965166506159
"chr17:84855705-84901793",10.0544995116039,-0.804090108140867,0.5140143471422,-1.56433397746857,0.117739156731067,0.570457519561943
"chr1:220047471-220049075",74.890097656327,0.374523999141418,0.212270458699736,1.76437174270771,0.0776694123967536,0.481259362866169
"chr7:122866495-122874366",0.759608802918784,-0.85423620485068,2.78938590688313,-0.306245257331642,0.759417916266185,NA
"chr10:805713-835214",3.01242964482596,-2.16831573174784,1.12176236747465,-1.93295460305843,0.0532417904485557,0.409575719403896
"chr13:98386342-98403224",21.7693418800413,-0.439605807777767,0.352730376281199,-1.24629415933067,0.212656421347269,0.730387344591381
"chr2:37974029-38014366",0.710668423846088,-2.6618349752115,3.41176502364699,-0.780192937310244,0.435277318875314,NA
"chr10:67965487-67982051",19.1529123526798,0.45517707701457,0.340323901095776,1.33748195630395,0.181065368201682,0.689784840528456
"chr3:56148805-56152705",2.84402050865587,0.794870030751149,1.05375537808164,0.75432120896807,0.450656370056268,0.878445961333827
"chr2:128562842-128626488",0.663941761704166,-2.56900516130373,3.17004612187251,-0.810399931905803,0.417710356994353,NA
"chr8:102143262-102147002",2.66740230790214,-4.57121097667443,1.32841490851467,-3.44110183300006,0.000579350448434021,0.0311220571880084
"chr12:48509737-48531389",2.22732887511797,-2.17253219003105,1.47607170630896,-1.47183377389141,0.141065770848273,0.627931900031932
"chr20:33572451-33578083",0.851805975970455,0.817691902690276,2.8608495460857,0.285821358137854,0.775014948809466,NA
"chr3:112891473-112899649",2.12856372336749,-1.60917991564106,1.49680065015728,-1.07507964769522,0.282339070583075,0.814783998617119
"chr9:10773884-10775310",3.51698534289396,0.307589528759545,0.9116971993772,0.33738123685108,0.735829527189223,0.948776041121522
"chr9:98239940-98247570",1.67089978146165,-3.89761769504712,1.60069374284198,-2.43495528890306,0.0148936298975899,NA
"chr9:53475012-53508890",2.14643775210185,0.164804700152334,1.23874551792969,0.133041611668369,0.894160471637385,0.987210557820386
"chr4:153048339-153067370",0.785518003538715,-2.8087810381187,2.6586158358061,-1.05648247493684,0.290747843342941,NA
"chr2:93488471-93495152",5.50491431102618,0.219067624906663,0.651102736680478,0.336456311063193,0.736526791806601,0.948776041121522
"chr4:131366412-131382968",5.03191781457643,-0.105033072741491,0.711124077128679,-0.14770006545916,0.882579479974496,0.985030940445168
"chr5:129621176-129647021",3.97022116191007,0.141234076561774,0.801309535768542,0.176254081921433,0.860094334531609,0.984990341532587
"chr7:29286904-29288495",4.71908281319981,-1.23423404602208,0.75184422149508,-1.64160874119341,0.100671114963644,0.534692886869162
"chr1:261347528-261350203",2.4899886897728,1.38255976654341,1.05783973485348,1.30696524340231,0.191224515930836,0.703561898236095
"chr6:4278307-4315062",3.66202639827314,-0.869732368934459,0.830135086029432,-1.04769980641876,0.294776936790494,0.819946716651511
"chr2:198280135-198281465",0.928077316902427,-0.760068248004286,2.51025816991603,-0.302784891655073,0.762053797999731,NA
"chr3:81134588-81159096",3.25219703727199,0.153965633315109,0.976544559876332,0.157663704905189,0.874721802002255,0.985030940445168
"chr8:64724416-64763815",13.4737065764646,-1.12525284250216,0.475275367303995,-2.36758081716957,0.0179048091074113,0.230566645581288
"chr3:136874645-136896550",3.23842785052305,1.26318599045306,0.953817790972788,1.32434727304127,0.185387737259463,0.69711917729798
"chr12:40921342-40923559",0.869124895831234,-0.177112196794722,2.58277016216223,-0.0685745094121917,0.945328309632771,NA
"chr1:141877382-141880461",1.75565236619678,0.263973914790719,1.37777431601581,0.191594451806932,0.848059888818179,NA
"chr17:79345740-79391846",7.45611734977872,-0.331887510522738,0.546657103942235,-0.607121919992114,0.543770004183894,0.899093917159841
"chr2:94716330-94720889",2.36098816280732,1.393139705587,1.23847479371307,1.12488337482448,0.260638457817708,0.784028861284212
"chr2:144876416-144917472",2.48186363113669,0.80539013316998,1.21951040869523,0.660420876630052,0.508983778706648,0.897055804749136
"chr3:11325952-11328601",0.378107659109761,-1.75888500344564,3.46260793108821,-0.507965394422482,0.611477612224926,NA
"chr1:101028250-101029473",0.541373742356679,2.87263644496371,3.47144171007511,0.827505308997844,0.407950714216544,NA
"chr13:34515329-34528874",4.16930182677352,-1.61417226585656,0.810683999807326,-1.99112387347005,0.0464672704327172,0.388976880357915
"chr1:253147925-253148277",11.7116675203639,-0.574363749731263,0.45426124754711,-1.26439081658996,0.20608978740511,0.721314255917885
"chr1:204979934-204988430",1.63982190549518,-1.5286438402723,1.67753888147814,-0.911241973077467,0.362167893045749,NA
"chr1:174165890-174174250",2.76912231382287,-1.83656492771328,1.20561622055995,-1.52334125602615,0.127673350575961,0.598880149608891
"chr1:201183051-201188802",7.79937214130221,-2.46460713117369,0.682663949995082,-3.61027871940718,0.000305868150308772,0.0237132393694172
"chr19:2506536-2521388",1.7117493636788,1.21243152562954,1.62077186251829,0.748058103467881,0.454425111585273,NA
"chr19:43119868-43124021",6.64195687245765,0.437076033610338,0.569108344738686,0.768001449374332,0.442486323817915,0.875934206247928
"chr6:104862169-104864968",3.47908481293644,-0.76299838976039,0.894169509464341,-0.853303967183437,0.393490760642533,0.855278484517607
"chr9:37099083-37134593",1.2391322934567,-3.47045169538802,2.05051234831533,-1.69248027120602,0.0905544386366951,NA
"chr1:247922780-247945662",1.61473623504668,-0.937835665838036,1.66102451094145,-0.564612779438444,0.572337171076398,NA
"chr2:33933956-33955969",3.95754687348231,0.426416847432102,0.754885528076959,0.564876172044763,0.572157991915759,0.903237156981145
"chr3:150692740-150696569",0.969229797187536,-1.24124208657833,2.6924182085288,-0.461013850911583,0.644788667795987,NA
"chr17:29730437-29731094",45.0527768339265,-0.861803026809428,0.24898439288714,-3.46127328229792,0.000537626748293507,0.0311220571880084
"chr4:66172555-66200637",23.7589374420275,-0.0468266825284482,0.300325908125496,-0.155919556926407,0.876096429643481,0.985030940445168
"chr10:18359720-18402658",0.822397349862315,1.80726039926979,2.67413769817927,0.675829221696511,0.499149079373448,NA
"chr10:81736165-81755839",2.66170636579553,-0.491005736372936,1.10862259374809,-0.442897104155992,0.657840162108796,0.928913526315867
"chr4:65598100-65613754",0.8034243612303,-0.220755880290731,2.95190664314526,-0.0747841673121191,0.940386439193214,NA
"chr1:21160905-21211619",1.50057550872769,1.60570560830697,1.74556571722452,0.919876915811613,0.357637083295111,NA
"chr6:96224909-96232767",1.19964149954947,0.947840123488136,2.14798148479105,0.441270155352545,0.659017429463389,NA
"chr2:240685748-240701716",0.968058646470173,-3.11181375533754,2.36377750195631,-1.31645797997576,0.188020373085224,NA
"chr14:81556164-81560858",2.74307460993149,0.0742801938670293,1.05234850511786,0.0705851659462471,0.943727916822691,0.988190455432406
"chr19:10842290-10844559",0.974571833093595,-3.12083453814734,2.35944213667452,-1.32270017968991,0.185935103768805,NA
"chr13:72960660-72969502",0.525178614032635,-2.23909063755937,3.44036622366959,-0.650829153639083,0.515156778559848,NA
"chr11:79611540-79611741",1.08731755102391,-3.27686026189095,2.20748318095941,-1.48443271964898,0.137694159831255,NA
"chr19:32527921-32528958",2.90028416405692,-0.81420044646663,1.07277864064519,-0.75896407293955,0.447874048611272,0.878445961333827
"chrY:1126684-1153312",2.13828340818401,1.05169353983776,1.33439713486653,0.788141335407583,0.430614039188824,0.870796405151228
"chr3:54509941-54566332",6.45345031956558,-0.370266717597882,0.578933239179526,-0.639567211795665,0.522454004574711,0.897055804749136
"chr8:109243253-109288160",2.19933230076016,-0.610155769345123,1.31268952496637,-0.464813467114973,0.642065042807492,0.927546428215114
"chr19:34249087-34346224",1.63245570505666,-3.8673875675042,1.77702727036149,-2.17632426469037,0.0295310224048187,NA
"chr1:104792188-104821976",7.21775988550845,0.00275806266728315,0.567641838201889,0.00485880793427741,0.996123247419078,0.996853543055016
"chr17:6794838-6802277",0.891492818378435,0.5660581667991,2.79338801051708,0.202642155213632,0.839414738416214,NA
"chr5:173198373-173199937",1.12687397542681,-3.32408843771103,2.1789738580989,-1.52552928772226,0.127127134242635,NA
"chr7:60390972-60408823",2.81607438466477,0.0391151018795346,0.986127524845473,0.0396653585809442,0.968359919777869,0.988190455432406
"chr1:185261106-185267832",3.59938498502746,0.614722781199209,0.93091221667146,0.660344520342844,0.509032766265675,0.897055804749136
"chr1:46959021-46968866",0.406096242197765,-1.85312761238262,3.45765304318415,-0.535949555735665,0.591993414045526,NA
"chr1:236196243-236229567",0.76440329595382,3.394068364235,2.95985496734009,1.14670090314767,0.251505257088514,NA
"chr17:84872804-84888911",3.83821814012279,-0.341568115953351,0.807628288641911,-0.422927379782257,0.672348245741124,0.930208821516241
"chr4:151118221-151123637",33.9038911443055,0.183815303518698,0.274972029843384,0.668487277136494,0.503822600583194,0.892279743848426
"chr5:139394727-139421497",3.2511333629699,-1.52984454430161,0.971243530338811,-1.57514001021756,0.115224130529114,0.561717636329432
"chrX:128550177-128558306",0.487700688270806,2.78088192661289,3.47712976759787,0.799763630488265,0.423847758616274,NA
"chr17:63849305-63879166",8.15414280282621,-1.48486960888898,0.596587131264198,-2.48894005766176,0.0128124565698832,0.184905873905678
"chr19:42911935-42920390",17.9130115181445,-0.519985082781948,0.391198938883795,-1.32920882726732,0.183779083612028,0.693796480134641
"chr12:12884434-12892828",1.22921981327202,-1.41153720728426,1.9794513869761,-0.713095161907761,0.475786873104099,NA
"chr4:158103902-158108668",7.17642158608061,0.445380016251881,0.567192781867715,0.785235691443894,0.432315392746565,0.870796405151228
"chr6:125550201-125594377",1.20263414888407,-3.42051327986505,2.09257949588511,-1.63459179763121,0.102134648274221,NA
"chr10:4583896-4605111",1.49233585652832,-0.877895341709972,1.90565146682051,-0.460679907630066,0.645028272352533,NA
"chr9:67242046-67282025",1.50235841377325,1.46405442782734,1.89104000357222,0.774205952841669,0.438809008575481,NA
"chr15:24302102-24308087",1.67528251848586,0.28974878369131,1.48093321637448,0.195652835987198,0.84488190226045,NA
"chr6:28022406-28051704",4.12939580662654,0.41369807909169,0.730904035062742,0.566008749775444,0.571387832509867,0.903237156981145
"chr13:73239822-73265813",2.89866017897474,-1.92873424007039,1.18306513142129,-1.63028576267249,0.103041115200646,0.54038169235108
"chr20:45512674-45553536",0.712639577192873,-2.66505159110747,3.07088046142457,-0.867846086679378,0.385478596500898,NA
"chr20:50659751-50699734",1.27166117427391,-1.7372572361519,1.94724701821389,-0.892160686293102,0.372306810906726,NA
"chr2:145485716-145513090",0.360915828237786,2.25488764372646,3.51414447328908,0.641660484042647,0.52109365188249,NA
"chr10:4183171-4191496",0.867355479389506,1.16380822360937,2.59278266950349,0.448864549002959,0.65352937099751,NA
"chr1:175646900-175650721",0.776611947891229,-0.759692333034922,3.02428935577065,-0.251196973459353,0.801661824393795,NA
"chr5:136420692-136447778",20.7144459017611,-0.206913820264744,0.351724488537263,-0.588283804534762,0.556341814398391,0.903237156981145
"chr3:2423174-2425284",1.62873052659068,-0.954286226255497,1.66957527710172,-0.571574243667576,0.567610448831471,NA
"chr2:188163293-188192757",0.478206768932296,0.549734711189016,3.51762011687735,0.156280295462099,0.875812087436586,NA
"chr6:21536571-21540152",0.262589307016317,-1.24909998425275,3.49563101511562,-0.357331760375012,0.720843456029211,NA
"chr5:155702728-155709264",3.62105208313708,1.70074352085191,1.02243384503236,1.66342646921873,0.0962270983572998,0.534692886869162
"chr17:27592203-27602936",12.744476444811,0.489463170508525,0.435430592877137,1.12408998934678,0.260974851688932,0.784028861284212
"chr9:10683822-10690477",2.29689667750484,0.70522579314781,1.38588652192282,0.508862581453896,0.610848549748127,0.914627885183078
"chr1:162639900-162643789",2.28949640302566,-4.34913656284441,1.41615902675696,-3.07107922251079,0.00213286551576608,0.0646969206449044
"chr1:6800132-6819230",1.54144374702945,0.0626025447758055,1.55170625497215,0.0403443271400161,0.967818614580076,NA
"chr18:65825830-65841509",1.24518073712194,0.458398942144514,2.11011992294347,0.21723833662737,0.828022609674278,NA
"chr11:79555990-79611741",1.09009018518704,-3.28044993347314,2.23144337028527,-1.47010225630497,0.141534061363599,NA
"chr14:2924636-2991160",0.873704823659749,-2.96360879248982,2.49850231948094,-1.18615410895656,0.23556144542856,NA
"chr15:51915280-51944899",1.79957304973087,-1.69554796768164,1.48202802577208,-1.1440728098231,0.252593442798548,NA
"chr1:177129021-177144122",0.365775516203104,2.37520696897225,3.50692129276354,0.677291210918659,0.498221206248895,NA
"chr1:278698312-278731755",4.75182418708388,0.412582465003156,0.732582300492393,0.563189234473513,0.57330603280886,0.903237156981145
"chr4:115191293-115197150",2.186123316684,-0.610353759660539,1.21996086017061,-0.500306017666158,0.61685961752013,0.915965166506159
"chr19:31878182-31886209",2.14251287059303,0.41059832242419,1.43671516406712,0.285789648980837,0.775039236550976,0.955627284144572
"chr3:59678949-59680308",13.1335408670897,-0.861212537645532,0.456477245038657,-1.88664943763539,0.0592074926044558,0.429884188324905
"chr19:25834566-25886887",1.79791767127242,-2.41739899856768,1.53018711303524,-1.57980614133692,0.11415126877001,NA
"chr6:72548978-72550668",1.72901282716462,-2.10749949721151,1.56937234455784,-1.34289323022656,0.179306548839943,NA
"chr3:33465220-33467909",3.32448444486499,0.172320863862205,0.931672005952921,0.184958722341296,0.853261411701454,0.984990341532587
"chr17:10096739-10107746",2.31219549783638,-0.407545520011875,1.25473434395651,-0.32480622051579,0.745327736310506,0.948821155327121
"chr8:48583631-48597919",2.57912580481347,-2.31897153045053,1.26097421537503,-1.83903168056519,0.0659105265038733,0.447567215337257
"chr3:71788186-71800225",0.576411992698727,-2.36388439386218,3.36135630905587,-0.703253144420783,0.4818980051833,NA
"chr3:80670138-80732927",0.887748948639962,-0.609119537631072,2.82760279792674,-0.215419060300015,0.829440610857722,NA
"chr11:34065892-34070810",3.4159654760073,-0.251325103421125,0.944171985213178,-0.266185723954074,0.790096177163886,0.959320979318533
"chr2:230311167-230317038",2.49603487459485,-1.41162460676059,1.11434613363798,-1.2667739081681,0.205236144179509,0.721314255917885
"chr13:35626138-35669017",1.2528139822717,-1.71238002890263,1.81480790101548,-0.943559937084504,0.345394573056827,NA
"chr1:221158617-221158790",40.6573226584091,1.35420909937857,0.310665481263168,4.35905879813988,1.30623016768462e-05,0.00474642233373938
"chr10:86175962-86184480",1.08837696941856,1.3994621977117,2.26836710465353,0.616946963672997,0.537269708559825,NA
"chr18:69634006-69657373",5.91356341919926,-0.398394396288043,0.650344365533075,-0.612589909903328,0.540147531624244,0.899093917159841
"chr3:157028112-157040380",5.6238511962642,-0.330303541617923,0.663350666919772,-0.49793202613584,0.618531953267779,0.916716738556481
"chr17:6857810-6864981",1.92999764943158,-0.0801940955041827,1.38482056037525,-0.0579093767083095,0.953820814125199,0.988190455432406
"chr10:71297308-71306105",1.26580677431351,-3.49836673564518,2.01855647902844,-1.73310322103497,0.0830773239707348,NA
"chr17:87758882-87771508",11.7626936517676,-0.0347615639052289,0.473393761158877,-0.0734305492749461,0.941463508401405,0.988190455432406
"chr9:1442054-1446134",3.23596260747723,0.620729211990403,0.966259127786734,0.642404500138813,0.520610578562875,0.897055804749136
"chr2:56451097-56456188",22.1522187460079,0.0196554272759854,0.369433936196784,0.0532041736022748,0.957569230273637,0.988190455432406
"chr11:79445543-79446214",1.28828726829984,-1.21073071298381,1.90746083062124,-0.634734246463915,0.525601754106024,NA
"chr16:10782168-10802548",1.36809699892683,-3.61001630970962,1.79268819517733,-2.01374467652616,0.0440363468163162,NA
"chr1:47030544-47077979",2.12871129466365,0.934835968915361,1.31718030990395,0.709725131697063,0.477874604299867,0.891574348704408
"chr13:109457218-109471561",2.6693846865803,0.743914637353082,1.10200719610224,0.675054246455271,0.499641300937095,0.891574348704408
"chr10:61464686-61498597",7.20752707366334,0.450754063700573,0.553571376019877,0.814265482694299,0.415492879246113,0.869632712935665
"chr18:14595550-14610978",6.18313737697281,0.134948954348397,0.619341092790756,0.217891168403369,0.827513908429602,0.976280453765261
"chr5:156506448-156517254",2.35839599042469,-0.618316461645816,1.24520921055179,-0.496556286611324,0.619501985610546,0.91715857956442
"chr1:251262192-251269854",4.12994578145112,0.173145473435098,0.788264586553948,0.219654004998547,0.826140628462294,0.975503423746567
"chr2:206534104-206536360",4.33516883057518,-1.78539876518238,0.820755111006478,-2.17531239372116,0.0296067144027148,0.325912622255691
"chr11:84369373-84379343",2.03793647029268,0.428085652732083,1.46640985794507,0.29192769703006,0.770341906249537,0.955627284144572
"chr5:136437825-136447778",26.3484473214722,0.439523880213302,0.298744549888843,1.47123648072187,0.141227174585936,0.627931900031932
"chr8:22600830-22606721",0.760721150916695,-0.856951279430498,2.78755956142912,-0.307419899215053,0.758523783672035,NA
"chr1:278580846-278749829",3.18389261856788,0.978874615026696,0.977253430813025,1.00165891892784,0.316508354139173,0.836168895446201
"chr6:76613549-76626199",2.02749129342018,0.580813861668606,1.36780143766495,0.424633170922926,0.671104108012845,0.930208821516241
"chr4:85481108-85484856",5.00095819610143,0.464408199211328,0.653815530391579,0.710304631236257,0.47751524851495,0.891574348704408
"chrX:71119280-71121063",6.12920188699132,0.163451084240329,0.599197218570539,0.272783449546482,0.785019682602091,0.959320979318533
"chr17:9875749-9888385",0.567161488664641,-2.34228882448203,3.38014931479587,-0.692954247384625,0.488338264476499,NA
"chr6:104828874-104864968",1.6126242500187,-0.546623338005255,1.67417922925579,-0.326502281507961,0.744044363406182,NA
"chr14:45668936-45679917",0.669999651445272,-2.58209219562252,2.86907490428792,-0.899973783104617,0.368134202716436,NA
"chr13:35597462-35608096",4.28155435326964,-0.973511652125391,0.763584073820214,-1.27492398742015,0.202336147833655,0.721314255917885
"chr9:66964853-66976610",1.98295557747403,2.49717491929132,1.51359807694694,1.64982696352808,0.0989783322433584,0.534692886869162
"chr1:154405931-154425509",3.99713940986838,-0.617324012970314,0.892828626829035,-0.691424977224127,0.489298512153634,0.891574348704408
"chr2:24065908-24073884",1.39431076933563,4.25829946172997,2.09416363940978,2.03341294901393,0.0420108201920725,NA
"chr2:247423411-247446708",2.61970772746306,-4.54880677531845,1.44959975795024,-3.13797429281483,0.00170119796450092,0.0560807359772964
"chr10:51724607-51734014",6.42166689954364,-1.06852493257842,0.683265547145644,-1.56385015612481,0.117852762283127,0.570457519561943
"chr7:72043294-72073470",0.608561483304683,3.06351860367268,3.29534917527916,0.929649163328241,0.352552763702948,NA
"chr6:104862169-104873144",1.39158072796279,-1.35706073101221,1.83528719640797,-0.739426904774496,0.459647809957957,NA
"chr2:21915465-21921128",1.96063879805025,2.45995837964011,1.52365969853404,1.61450642949139,0.106417623374826,0.548217689833585
"chr19:32470120-32472456",1.72298829919643,-0.548628647268855,1.52837718709461,-0.358961552096821,0.719623851968326,NA
"chr6:137924572-137936007",4.54411693302814,1.63246496969482,1.62967782780105,1.00171024103429,0.316483559084307,0.836168895446201
"chr6:42271180-42278784",0.243850344135403,1.96009575073012,3.52690144366078,0.5557557482229,0.5783778404602,NA
"chr3:112825170-112832390",0.406096242197765,-1.85312761238262,3.45765304318415,-0.535949555735665,0.591993414045526,NA
"chr2:145501970-145513090",2.33273495513747,-1.27197024105167,1.29380308757585,-0.983125062280471,0.325545890830131,0.836855256088756
"chr10:94083626-94187819",327.888895501307,0.233048927341043,0.443238270416208,0.525787015462827,0.5990361971987,0.911576821824109
"chr17:694609-739440",3.74978247863139,-0.622517385411869,0.845408471607822,-0.736351014117409,0.461517107872215,0.889789339329907
"chr2:34396320-34404958",2.69386585526226,0.658227100132625,1.04341547057875,0.630838931080376,0.528145845276397,0.897055804749136
"chr2:24134222-24161334",1.23504467323538,-1.7857051128366,1.9912651279473,-0.896769138260059,0.369842119197366,NA
"chr1:204959173-204961691",63.3009920761303,-0.212760980170117,0.219435288840815,-0.969584159840673,0.332253811664426,0.841007582407382
"chr8:21643844-21652864",1.29919079419941,1.69442065534341,1.91119990985391,0.886574264998224,0.375308154361363,NA
"chr13:95914250-95932651",3.86194797900834,0.294032960106645,0.81963135710678,0.358738056514277,0.719791055814442,0.946854791937773
"chr18:17300168-17312861",1.70571241835464,-3.92322639019083,1.60169089456166,-2.44942791615514,0.0143083346429836,NA
"chr1:281825348-281857037",1.57501823929471,-1.04245452239328,1.68340416568692,-0.619253856941657,0.535749137189561,NA
"chr1:165414771-165415667",3.71645322692187,-0.163297538714377,0.829456764860272,-0.196872875877847,0.843927020169523,0.980781603302298
"chr1:256263404-256299276",0.968513943352489,-3.11243226321463,2.35644988527705,-1.32081411222064,0.186563353040983,NA
"chr1:282490425-282498880",3.37043302314688,-0.206866436427038,0.89687829690951,-0.230651624796658,0.817585457973372,0.970932359467709
"chr4:3972586-3976284",4.699526969237,-0.643755221902528,0.728373318698247,-0.883825924668755,0.376790189427904,0.847517130202294
"chr6:22373412-22407626",4.04670747159959,0.457057668591334,0.78831753269907,0.579788790218129,0.562057057925241,0.903237156981145
"chr18:48443339-48505167",6.57351367914741,-1.29681533826015,0.648327529589708,-2.00024721930417,0.0454735752767707,0.387176620034621
"chr2:93460344-93495152",1.37995765138406,1.38086752490749,1.68446223699179,0.819767576014958,0.412348618370176,NA
"chr7:25947789-25948397",1.05683333028223,-0.161251089952736,2.2977598619872,-0.0701775205583401,0.944052366200348,NA
"chr5:117716189-117725823",2.19050986231217,-0.124719135004427,1.20297880011225,-0.103675255950304,0.917427063706845,0.988190455432406
"chr20:32513668-32523997",2.79568137034084,-0.672243951794063,1.00186378747148,-0.670993362771081,0.502224757762204,0.891574348704408
"chr5:160042151-160043135",1.47353224179686,-0.417310300173648,1.7384613002245,-0.240045780783131,0.810294766015005,NA
"chr10:95293891-95299099",1.38234286640224,0.315367044222074,1.82148629328154,0.173137204153163,0.862543581840627,NA
"chr3:112896028-112899649",12.4389340909589,0.62197913175094,0.466630154227627,1.33291671383828,0.182559137000498,0.692203394460223
"chr4:151118221-151167953",0.243850344135403,1.96009575073012,3.52690144366078,0.5557557482229,0.5783778404602,NA
"chr6:91933750-91961861",2.76179875719313,0.161492644016976,1.11633357617416,0.144663429877685,0.884976614090777,0.985030940445168
"chr9:113918918-113927885",44.9621309022078,-0.489838211767457,0.243368088611418,-2.01274626662156,0.04414132935392,0.387176620034621
"chr7:114523676-114540933",2.24560215641145,-0.53832490601116,1.25854643872833,-0.427735433072376,0.668843749667608,0.930208821516241
"chr16:3068022-3072642",2.57174885140694,-0.46941006001513,1.09471069564536,-0.428798276916806,0.66807003293651,0.930208821516241
"chr9:10347615-10349027",2.99066555745958,-0.853550044469011,1.07678698494903,-0.792682356305985,0.427962912444502,0.870796405151228
"chr16:32120310-32121085",1.13290974605459,3.95142154519921,2.36200945798689,1.67290674126553,0.0943456565064354,NA
"chr9:100575892-100588953",0.898541601805483,-1.20946780146905,2.55004958998805,-0.474291875035543,0.63529178465,NA
"chr9:113534327-113545068",6.8186281037582,0.872429502634373,0.581655672759581,1.49990715038548,0.133638455530288,0.612135878519607
"chr14:108446849-108456923",35.9970365147567,0.631275714872388,0.262861921064342,2.40154873827415,0.0163258341015932,0.214276572583411
"chr2:238543065-238577394",1.49915908023378,-2.02711002276667,1.78858269740207,-1.13336108289042,0.257062650031498,NA
"chr14:88724076-88725530",4.40752967295588,0.899070925757832,0.762403224440349,1.17925908093818,0.238295026691033,0.751590562386689
"chr19:34207716-34207946",0.785518003538715,-2.8087810381187,2.6586158358061,-1.05648247493684,0.290747843342941,NA
"chr3:148167095-148173002",0.506439651151721,0.084472169326474,3.48864437146707,0.0242134652695916,0.980682337547804,NA
"chr10:90433263-90444110",1.34651435198609,-1.28772111013193,1.71872686388082,-0.749229640377125,0.453718807004378,NA
"chr2:240854068-240867796",25.7089361074715,-0.489922994901867,0.33429405975082,-1.46554502125181,0.142772278585417,0.632740780094462
"chr12:25431710-25435591",13.2731927607629,0.131694438411143,0.415692090684287,0.316807659713601,0.75138955176614,0.950553047414997
"chr8:23851919-23884848",4.80420799261292,-0.309116254063818,0.688250251320693,-0.449133514256842,0.653335345266704,0.928913526315867
"chr15:55100386-55104181",0.796537906686306,-2.82707480732784,2.64099381856856,-1.07045869908932,0.284412889804574,NA
"chr17:84881616-84922765",0.656662411016865,-2.55428331944207,3.18504225755119,-0.801962144579495,0.422574856261387,NA
"chr10:110495072-110500097",1.94533667260145,-1.02390362822738,1.49664834847407,-0.684131064769699,0.493892407236082,0.891574348704408
"chr20:13906484-13912191",1.06078749986784,-3.24396345574501,2.46574175486344,-1.31561362796676,0.188303757131129,NA
"chr10:77769631-77772738",1.80688165551754,4.6155076075405,1.70119724357643,2.7130937491042,0.00666582454233192,NA
"chr1:170450030-170450980",0.582814330826432,-0.0607332876294801,3.42818289535166,-0.01771588316126,0.985865509706068,NA
"chr12:14689166-14703546",2.68271203642443,0.608544453164684,1.05497766808865,0.576831597077509,0.564053222486378,0.903237156981145
"chr2:150755405-150756431",1.06126451506315,1.36554623402233,2.2999830541316,0.593720128315429,0.552699318107795,NA
"chr1:184008119-184017761",2.28272536040636,-1.17353419881458,1.27902763613581,-0.917520595848936,0.358869905446775,0.841007582407382
"chr3:140614866-140622850",5.24686939667454,0.0462213045913606,0.658411351959972,0.0702012570921934,0.944033473781051,0.988190455432406
"chr1:198932174-198934500",4.46929767098984,1.05997072732912,0.8429309719749,1.25748224062252,0.208579065855919,0.72445400736216
"chr3:13510410-13602354",2.63859513020444,1.48411149651403,1.16590396329782,1.27292773953366,0.203043684772654,0.721314255917885
"chr7:118173410-118179266",1.21758149217356,1.58821105813384,2.11392592001918,0.751308758312322,0.452466859469139,NA
"chr1:279235046-279248435",1.35404164418599,4.22140486929681,2.13056064246009,1.98135870210316,0.0475510616015507,NA
"chr12:43501060-43510832",2.81574863928876,0.0952305315979936,1.04497465924821,0.0911319052143382,0.927387781419448,0.988190455432406
"chr16:54080267-54100069",1.03477007012663,-3.21171417037605,2.27857970073455,-1.40952461278431,0.158680100871788,NA
"chrX:144328480-144330480",3.82321551754718,2.39753384360148,2.118459930866,1.13173433618893,0.257746141334611,0.780096414460631
"chr4:176868013-176879489",6.86435570689579,-0.838493201512643,0.610170689879489,-1.37419449249234,0.169381310109396,0.687884800332602
"chr7:28987514-28992637",12.9048446486415,-0.595427520651535,0.468181298849982,-1.27178834804832,0.203448330039561,0.721314255917885
"chr17:9912158-9920790",0.583783984671022,-2.38125216443261,3.35165150726648,-0.710471288339488,0.477411929488287,NA
"chr3:21721366-21736929",2.41334802905293,-1.33581054912075,1.35318656463443,-0.987159187086395,0.323564606072053,0.836168895446201
"chr10:71322147-71323079",1.85591894545836,1.39457265488168,1.55172764919395,0.898722566170737,0.368800454044676,NA
"chr7:14246803-14256219",0.306543334995108,-1.44531416743121,3.48156347565664,-0.415133654042775,0.678044064140115,NA
"chr8:109243253-109263159",1.37415488866794,-3.61581004843197,1.77360169382088,-2.03868211280426,0.0414817640962504,NA
"chr4:115104274-115106428",25.7822043250792,-0.432024712222048,0.316424676522471,-1.36533192344551,0.172148749748741,0.687884800332602
"chr4:158242270-158244493",3.68368875286585,0.144138287390449,0.92510353064505,0.155807736772927,0.87618457204598,0.985030940445168
"chr4:115820712-115843272",2.85528403315442,-0.972273196131172,1.03386590768378,-0.940424854814491,0.346999678065453,0.841007582407382
"chr1:176334639-176346651",0.487700688270806,2.78088192661289,3.47712976759787,0.799763630488265,0.423847758616274,NA
"chr2:34491471-34517560",0.934668340929662,-1.27371501030393,2.30163235681598,-0.553396378240856,0.57999201839508,NA
"chr1:150830996-150846872",4.77292281908334,3.92907687006161,1.04838511759927,3.74774193576776,0.000178433697384461,0.0212771379033352
"chr12:14654706-14703546",2.58676015597616,1.09064937706374,1.11705880798455,0.976358065723984,0.328887054508795,0.839123045615896
"chr17:79367996-79383074",2.2897499456747,-4.34988249675527,1.53179223883262,-2.83973399687043,0.00451511667640753,0.10103498792289
"chrX:62537349-62570599",0.953642639248891,-1.19358698950857,2.27426016360848,-0.524824296097571,0.599705340042382,NA
"chr1:185306404-185307538",0.724973582571654,-2.68807702550733,3.04626896767977,-0.882416179932639,0.377551789182601,NA
"chr4:117422680-117442928",1.64725268285871,0.183061963586294,1.52604184393527,0.119958678927325,0.90451588095841,NA
"chr1:274700623-274701534",0.785224086492082,3.42706564248145,2.92010255924355,1.17361139650151,0.240550714291733,NA
"chr4:88610656-88627387",0.4656374281152,-2.05996318133137,3.44782768455296,-0.597466976253036,0.55019564883066,NA
"chr8:61701009-61715390",0.204362223330072,-0.864529267836178,3.52826081804341,-0.245029863839715,0.806433308056728,NA
"chr15:55485728-55488198",2.37891705051646,3.43624139769426,1.39350786103422,2.46589308448105,0.0136672122182507,0.190257555472241
"chr8:73720946-73729461",1.20152180088616,-3.41875860854129,1.91261393613747,-1.78747971242199,0.0738599882302954,NA
"chr9:94463647-94481682",1.22161479152198,-1.77294787212438,2.15845225000161,-0.821397773392052,0.411419731435534,NA
"chr19:43055209-43066842",0.869124895831234,-0.177112196794722,2.58277016216223,-0.0685745094121917,0.945328309632771,NA
"chr16:11046372-11051389",2.77943799138613,-0.156863659032786,0.965803017247231,-0.16241785978251,0.870976807494383,0.984990341532587
"chr6:136059672-136071884",3.18293851010769,1.35980091954286,0.908517259772408,1.49672546659543,0.134464706960138,0.613860618731066
"chr2:238023879-238038227",8.73142869284646,-0.808468267739013,0.559997164877728,-1.44370064429797,0.148823200129193,0.646954357249518
"chr15:23792824-23793336",1.49963380709675,-0.244117949411112,1.88556729359736,-0.129466580291268,0.896988467423733,NA
"chr4:168296980-168297373",23.1881577371489,-0.384900925018303,0.323991986971743,-1.1879951989426,0.234835301207246,0.751590562386689
"chr5:36040325-36046665",42.1400995435612,-0.187362741875552,0.245497679117673,-0.763195572964031,0.445346768597848,0.875934206247928
"chr5:119207376-119211535",4.55837211710977,-0.617403562786847,0.706694367913804,-0.873650039987515,0.382308866207605,0.847517130202294
"chr2:18496999-18531203",0.817776607092956,1.57968071321717,2.6993066504261,0.585217212341475,0.558401672754237,NA
"chr4:8223840-8242710",12.3600663237104,-0.0537017974184051,0.424398534011465,-0.126536246274956,0.899307459241225,0.987574160791853
"chr2:221062375-221072200",1.38209129047083,-3.62293364650921,1.7739931150691,-2.04224786203192,0.0411269510169387,NA
"chr7:62899716-62931338",14.7629272546003,0.367742360900427,0.399521090390104,0.920457942636651,0.357333501365749,0.841007582407382
"chr18:63784568-63844188",8.889806733504,2.00599534832151,0.556263940781142,3.60619339356162,0.000310721601591458,0.0237132393694172
"chr3:123299120-123308032",1.5763636343986,-1.45605057433185,1.5761906743327,-0.923778193871306,0.355601810750029,NA
"chr17:29730437-29737981",1.20003842540787,2.27463440342432,2.19589915520077,1.0358555847326,0.300269521180067,NA
"chr11:24527899-24550752",1.22602473646155,-0.414636783387883,1.95846769266666,-0.211714895752664,0.832329466391752,NA
"chr7:30416990-30426040",1.58786994229482,0.264286541843252,1.83207850658313,0.144255031044577,0.885299086840272,NA
"chr14:43511710-43517916",3.77435756600135,1.03253221346563,0.838404172411166,1.23154469818079,0.218119209829634,0.7387908720036
"chr4:151118221-151148873",2.92783911596417,-0.806165698563761,1.10638608216501,-0.728647722128093,0.466217178838908,0.891574348704408
"chr17:79765387-79789485",1.54077990840673,-0.032369347526461,1.57505994567431,-0.0205511844900627,0.983603681364722,NA
"chr13:113735261-113748416",1.27961872427666,-0.169734809908164,1.75674699181827,-0.0966188134652701,0.923029115410883,NA
"chr9:71920586-71960153",3.59709114390908,-0.464511249204583,0.941312216967609,-0.493472028548596,0.62167909922655,0.918389578402859
"chr6:12179226-12194014",2.08120746251733,2.02655149456555,1.36377013887963,1.48599198412601,0.137281241262105,0.62049302755885
"chr11:69785001-69806777",2.24823298024826,-2.30506243410523,2.78710455523357,-0.827045555136001,0.408211241499215,0.865944412820686
"chr3:130093308-130099815",2.24065737157056,-4.32177812284763,3.3969170407194,-1.27226484222069,0.203279035790984,0.721314255917885
"chr10:61483520-61498597",1.30334854129611,2.40141146716346,2.29426265544557,1.04670294025123,0.295236607240168,NA
"chr15:109127707-109141568",2.2812473447663,-0.950720466204165,1.18878476770094,-0.799741460384643,0.423860606142459,0.869846168564453
"chr3:119264196-119265879",13.4929651218568,0.83888697948658,0.426122572928588,1.9686518217545,0.0489930873228594,0.401678377527815
"chr16:71834319-71862207",1.03608417235781,-3.2122786175483,2.49471547690455,-1.28763325809567,0.197873656464794,NA
"chr1:6601452-6613874",1.98128908651884,0.968119334143968,1.5067052945236,0.64254060675487,0.52052223249636,0.897055804749136
"chr5:7777226-7818087",1.09376243404975,-1.57592368798521,2.1149014273674,-0.745152311872475,0.456179648000029,NA
"chr17:79761095-79777211",4.57108972697691,-0.213565324435521,0.699971423203563,-0.30510577625883,0.760285592008402,0.951866267770906
"chr8:60441497-60471827",3.01613027176254,-4.74394544317167,1.29354111235976,-3.66740987034998,0.000245019873965562,0.0222968085308661
"chr3:112471147-112473521",1.32215042090297,-1.5668235259026,1.89749931343666,-0.825730747203719,0.408956846381263,NA
"chr1:274628955-274647456",1.79316444327678,0.943065438687184,1.59183324377219,0.592439844045715,0.553556092033124,NA
"chr4:7211891-7222177",1.44834741724497,-3.69459063270003,1.74394847633123,-2.11852051986788,0.0341310089563948,NA
"chr5:7763385-7764306",4.88459729648042,0.919125255815299,0.674644534484296,1.36238449855358,0.173076573228544,0.687884800332602
"chr5:151944769-151947717",40.1906671547142,-0.168112655483962,0.248970910726251,-0.675230110190686,0.49952957938533,0.891574348704408
"chr15:52562742-52592087",0.587322782898034,-2.38945095336739,3.03434522961713,-0.787468390229573,0.4310077254326,NA
"chr15:51936366-51944899",10.5800040557244,-0.0229309936956867,0.468217931442864,-0.0489750437900196,0.960939184237728,0.988190455432406
"chr3:123819852-123833222",7.0747304650641,0.382875893194374,0.626801775499186,0.610840473273151,0.541305196155181,0.899093917159841
"chr2:237814781-237851960",1.49226760665822,-2.03445760654369,1.94884119765862,-1.04393195761046,0.296516871351646,NA
"chr2:33252541-33287948",0.306543334995108,-1.44531416743121,3.48156347565664,-0.415133654042775,0.678044064140115,NA
"chr5:7830490-7872679",5.1415116248781,0.455486099163181,0.659125784480062,0.691045791088999,0.489536765043569,0.891574348704408
"chr19:37135068-37156867",8.36831240139155,-0.156373822080254,0.563261678037087,-0.277621979583631,0.781302557892196,0.956482503607935
"chr4:99275917-99291251",6.11589007297629,0.364443949562743,0.635743583142019,0.573256198295484,0.566471238236947,0.903237156981145
"chr9:65361368-65364133",1.90396063285278,-0.205196751244557,1.31905814236278,-0.155563082971456,0.876377426123424,NA
"chr6:7547050-7572651",7.72477497429738,-0.199981822902607,0.594034750862609,-0.336650040443273,0.736380728977844,0.948776041121522
"chr10:18218676-18238682",1.9318149144062,1.87950832499892,2.80102840253999,0.671006521495666,0.50221637503594,0.891574348704408
"chr8:64205386-64233082",9.67196261826349,0.959748694851677,0.484656706426818,1.98026496306535,0.0476737635768357,0.39439204413564
"chr19:14357239-14388674",1.09206133853382,-3.28278642049472,2.20909919868124,-1.48602942885247,0.137271337045146,NA
"chr10:55283300-55338553",0.792999108459295,-2.8212339816081,2.64662687123781,-1.06597345181817,0.28643564309942,NA
"chr2:20507150-20531444",23.8622127502401,-0.514922029956001,0.318091469800694,-1.6187860374836,0.105493307332466,0.548217689833585
"chr4:100760040-100783015",1.23489910234712,2.38394041372589,2.13201041507846,1.11816546338877,0.263496331637777,NA
"chr5:138433397-138449955",1.05450964868274,-1.39057851198372,2.15602227785354,-0.644974092460738,0.518943974954847,NA
"chr8:71336875-71337745",8.44850624797848,-0.494715391535911,0.544466543670111,-0.908624041802752,0.363548611489755,0.84538987169253
"chr1:201164770-201188802",0.663941761704166,-2.56900516130373,3.17004612187251,-0.810399931905803,0.417710356994353,NA
"chr8:39218756-39235362",1.87140741434815,-2.2500319864084,1.50945300879165,-1.4906273817756,0.136059351229354,NA
"chr11:31974630-31979720",1.72320897587241,0.257502071757989,1.47911887665537,0.174091532345433,0.86179352779448,NA
"chr12:9229552-9313769",1.8973944523719,-4.07833955959215,1.66238606815554,-2.45330470323128,0.0141550379200976,NA
"chr14:108013275-108020828",14.8040677045144,0.325017169818771,0.410190177993077,0.792357270495775,0.42815238685857,0.870796405151228
"chr17:79367996-79561626",17.5960302847528,0.0547232099376652,0.395147579022528,0.138488030403814,0.889854728819242,0.986719500274789
"chr1:244630341-244664389",2.68887770436673,-4.58056047886132,1.3210017795628,-3.46749001381156,0.000525343261420326,0.0311220571880084
"chr1:188510274-188516444",2.71710245299257,-2.16602637842975,1.20227852273452,-1.80160115769451,0.0716081790059821,0.463247224375192
"chr5:136420698-136447778",6.2505076451348,0.345786695735556,0.586834320353373,0.58924075116693,0.555699783945706,0.903237156981145
"chr10:46641975-46646542",1.36329710965432,0.0096005460087063,1.82893390428398,0.00524925804383558,0.995811717285648,NA
"chr3:21721366-21756744",2.2927460523841,-0.902388168331951,1.26820289417141,-0.711548737571313,0.476744260377015,0.891574348704408
"chr7:14351790-14357858",0.744192180022304,-2.73563100100257,3.00014962731271,-0.911831522034093,0.361857413883729,NA
"chr6:125538240-125594377",16.7519351110376,0.00337123765554282,0.359574568821324,0.00937562872311479,0.992519440187378,0.996118694853389
"chr16:2115374-2126628",16.7877193846097,0.469211602553606,0.398456808046828,1.17757205568555,0.238967255733204,0.751590562386689
"chr4:62617602-62619866",5.87252740948269,0.220107720440721,0.6363819290517,0.345873618329661,0.729437695936503,0.947142759447761
"chr5:167516581-167547741",5.51687150501386,0.155645054867354,0.635699207040373,0.244840725210263,0.806579759251586,0.967470449365919
"chr18:71136036-71149287",11.6129186324874,0.00632556523470428,0.436538699230023,0.0144902737050838,0.988438838909362,0.992802807293068
"chr18:3380629-3400440",0.175059538010878,-0.750824945158805,3.53112465734264,-0.212630540696867,0.831615148094947,NA
"chr20:14335985-14342412",1.3402265238063,0.179614995292429,2.0180105707424,0.0890059734555061,0.929077162833377,NA
"chr17:79352356-79391846",1.49981613134938,-2.02776824993025,1.78829654500767,-1.13391051142559,0.256832087456247,NA
"chr8:23508992-23524947",2.30644169335985,0.0642757690670243,1.38960556342832,0.046254686048067,0.963107255919247,0.988190455432406
"chr7:95149972-95166554",0.569132642011425,-2.34692447970785,3.37615135926044,-0.695147885852474,0.486962627790963,NA
"chr1:150887401-150961642",4.09913792427107,5.83044533219124,1.21102708105222,4.81446321342818,1.4759608842532e-06,0.00100734330350281
"chr8:82334237-82340165",0.620366020677517,-2.46344654972363,3.27011242388297,-0.753321669228273,0.451256640420747,NA
"chr14:88761036-88762419",1.33001853643652,-1.15097631357448,2.03484905463514,-0.56563228164403,0.571643778287181,NA
"chr9:121831708-121862897",2.83602150898793,-0.272682305436955,1.02564137029809,-0.265865158459532,0.790343059162068,0.959320979318533
"chr14:81667646-81672500",2.34078903253624,2.76610288214359,1.41357461325586,1.95681420436129,0.0503693164415214,0.402070859313899
"chr11:84619089-84638229",5.96342671388615,-0.185580481401742,0.632719487779977,-0.293306093752365,0.769288196239402,0.955627284144572
"chr1:134843160-134848903",6.20930982046024,-0.592412707975871,0.661768277106184,-0.895196594443005,0.370682004914377,0.847517130202294
"chr17:1059417-1065593",0.923448546020917,1.01521447043951,2.73184968084573,0.37162164432313,0.710174571611027,NA
"chr11:34611539-34616155",2.11164931057251,1.07140682402133,1.32815057692847,0.806690779368634,0.419844657746962,0.869632712935665
"chr2:104882050-104908155",2.53797036789002,0.521325911952098,1.13136425700394,0.460794044645415,0.644946374810216,0.92864114094509
"chr18:27261576-27278436",2.26107122038048,0.673083194294448,1.18204498167698,0.569422657113721,0.569069344529514,0.903237156981145
"chr1:150937283-150961642",1.01311332805454,3.83084718716219,2.50758495751478,1.52770384735394,0.126586084461118,NA
"chr3:13510410-13522529",33.3001810293856,0.972587889776665,0.262245241545549,3.70869604361434,0.000208329330623759,0.0212771379033352
"chr5:116593430-116658945",4.06071221911679,0.253278897636038,0.906366307980145,0.279444299072055,0.779903878781724,0.955627284144572
"chr9:71957021-71960153",0.304572181648323,-1.4370803743826,3.48211724255358,-0.412703040788117,0.679824196708035,NA
"chr17:83525682-83539887",0.547066708753919,2.88614447345738,3.47063354038728,0.831590094393926,0.405640355206257,NA
"chr18:1803205-1819028",3.76593420880644,2.79566170874222,1.00746932897637,2.77493480777496,0.00552127742077485,0.114005249346003
"chr16:54080267-54093004",1.45617470609958,-3.70104887395617,1.86571007695273,-1.98372132930809,0.0472869144412376,NA
"chr10:43227922-43229953",3.33283872013702,1.97610067985056,0.958550621209427,2.06155067466053,0.0392505342202509,0.384652629842431
"chr8:71266628-71337745",1.25610283586923,-1.1846264647089,2.11801555375404,-0.559309615365773,0.57595043424611,NA
"chr6:9421744-9434931",2.86947143388905,3.16675274869692,1.34401619780397,2.35618644616871,0.0184636478802844,0.235540928566245
"chr4:66172555-66232512",1.99787738331984,-1.88387393204283,1.43585912543022,-1.31201863656254,0.1895138465101,0.702465859311916
"chr7:73684650-73748233",1.41174602725012,0.606679695960014,1.78622195293727,0.339644071086679,0.734124585067208,NA
"chr1:128239552-128243030",19.8136779821724,-0.0525757774843455,0.352925348238961,-0.148971383740754,0.881576213433939,0.985030940445168
"chr1:203272587-203286711",4.77067909240958,0.0176612580367405,0.727017435794055,0.0242927571846343,0.980619090357169,0.988190455432406
"chr3:140058428-140061239",4.79840555756415,0.706244700779307,0.75569327990207,0.934565278747522,0.350012379706714,0.841007582407382
"chr12:40307165-40332371",1.39216270530192,-1.22280433159062,1.82676004228048,-0.669384212096136,0.503250420104222,NA
"chrX:51692026-51794841",3.11487621352745,1.05546608535091,1.01969596049197,1.03507920619954,0.300631922598157,0.824021233627479
"chr2:61301866-61319541",1.215752257968,-0.362469024775493,2.13057434184737,-0.170127377231627,0.864909963435767,NA
"chr13:69023733-69031223",3.85948968448287,-2.80393353039549,1.11654150821756,-2.51126671938213,0.0120298766472985,0.181429580086917
"chr8:48682980-48683667",1.50175256230362,0.187261478756817,1.72318615192649,0.108671647893329,0.913462930347493,NA
"chr6:76487880-76492176",23.2268330652564,-0.0510864180936249,0.335790352149152,-0.152137837691457,0.879078221387135,0.985030940445168
"chr5:19536900-19546064",1.82442968371747,0.465023003348203,1.41871040051883,0.327778666582088,0.743079018606908,NA
"chr8:73704074-73737419",1.7159719958981,2.40652097688956,1.77580215793194,1.35517403565504,0.175362114973617,NA
"chr8:118066987-118085473",2.15791158266443,0.440067625591627,1.3385785716052,0.328757410978055,0.742339056350026,0.948776041121522
"chr8:119447348-119465058",16.3450397148373,-1.45646823473882,0.424022175737373,-3.43488694242473,0.000592801089295398,0.0311220571880084
"chr9:46104677-46105695",2.60670770336446,0.418294474960764,1.10755452399019,0.377673934691515,0.705672833244191,0.944356291547373
"chr9:54232163-54235344",7.45319052699104,0.461745530045842,0.576334137664648,0.80117678247704,0.423029310273114,0.869846168564453
"chr12:25001615-25002399",1.42082452627113,4.27602857880964,1.78165593412449,2.40003049798215,0.0163937059232125,NA
"chr1:18644225-18694013",0.611115516643431,-2.44327625194627,3.28926496030641,-0.742803112984448,0.45760089051238,NA
"chr5:141215063-141229777",0.720120682113453,-2.67909000030827,3.0644247661,-0.874255432845187,0.381979164097603,NA
"chr11:68722906-68725314",5.08513631039283,1.03710004711982,0.766843493529821,1.35242726302076,0.176238672841747,0.687884800332602
"chr13:69077866-69092598",0.797852008917496,-2.82924518689956,2.63890897915356,-1.0721268559278,0.283663057818196,NA
"chr10:72369079-72371838",3.18008043069868,1.85726062769365,1.02134714168678,1.81844208681716,0.068996590681932,0.455018770523407
"chr8:67808880-67812158",0.50959145609399,-2.18087011009441,3.44269230492187,-0.63347807963451,0.526421491025769,NA
"chr6:38745004-38762910",1.72546950789674,-0.54461287564087,1.50951753791,-0.360786053797636,0.718259389085591,NA
"chr1:8846801-8860029",2.85229973684551,-0.590986612110033,1.0327054904333,-0.572270233464205,0.567138912520599,0.903237156981145
"chr4:28457541-28467072",3.32243851581133,-0.199184847851511,0.955597730764394,-0.208440059492586,0.834885380208252,0.978823684110875
"chr2:248770225-248811031",1.15834931096556,-0.153688998050802,2.183803204893,-0.0703767618375361,0.943893786746157,NA
"chr9:66768774-66774536",0.796537906686306,-2.82707480732784,2.64099381856856,-1.07045869908932,0.284412889804574,NA
"chr2:185599195-185612494",0.262589307016317,-1.24909998425275,3.49563101511562,-0.357331760375012,0.720843456029211,NA
"chr5:129413066-129457884",4.52315559266611,-0.177378702540935,0.755834202198272,-0.234679380775633,0.814457592602557,0.970568198747122
"chr6:125714812-125719457",1.91801104348761,-4.09119834793145,1.54974521580561,-2.63991674644707,0.00829263958195464,NA
"chr3:33003598-33006797",1.42829435213287,-2.03108156689954,1.69857415999454,-1.19575677926601,0.231791486764754,NA
"chr16:49676737-49693580",0.304572181648323,-1.4370803743826,3.48211724255358,-0.412703040788117,0.679824196708035,NA
"chr9:113311763-113313484",1.560595405372,0.695463791419436,1.58490161458671,0.438805655202005,0.660802362272363,NA
"chr19:42781069-42920390",3.30338821917954,-0.247483211933112,0.949753698755708,-0.260576202290494,0.79441934363104,0.959320979318533
"chr5:167516581-167526275",9.59995711995989,0.32363560741473,0.492316935734477,0.6573724849256,0.510941439233971,0.897055804749136
"chr5:124588622-124594190",0.837819764292563,0.501379266279756,2.87596028339923,0.174334558503413,0.861602541315297,NA
"chr5:127620259-127629649",3.039763451895,-0.0581866857364658,0.978099455105262,-0.0594895390573588,0.952562197344539,0.988190455432406
"chr14:38413673-38421835",0.770209609763523,-2.78209374365058,2.95030134432389,-0.942986298332908,0.345687911313895,NA
"chr12:5612049-5619907",2.28983469354827,1.78899227090401,1.32236840718549,1.35286979118904,0.17609723168818,0.687884800332602
"chr14:76999946-77005684",1.78118432677032,-1.20342116497847,1.48332651338179,-0.811298897526498,0.417194043028618,NA
"chr16:71094508-71107647",1.11273673236898,-1.50122360350137,2.26387803842817,-0.663120352783526,0.507253476567087,NA
"chrX:63177769-63182385",8.83585646706861,-0.179723495146413,0.539287025958173,-0.333261299633698,0.738937049636356,0.948776041121522
"chr2:80226167-80234308",3.36760086982096,5.54238821561665,1.29106581995433,4.29287812437997,1.76371829618612e-05,0.00474642233373938
"chr1:21142145-21164430",4.23986290410046,-0.96164818467779,0.764005540710224,-1.25869268406592,0.208141354930401,0.72445400736216
"chr15:33015618-33017521",1.31733746329671,0.0110222718682087,1.70890269108184,0.00644991193806997,0.994853750527934,NA
"chr13:52565958-52566266",1.88794219410453,-4.0715825595566,1.52405375463064,-2.67154786843024,0.00755023028647147,NA
"chr2:157066595-157105004",2.04080874626835,-4.17892290002001,1.54537833792434,-2.70414227860401,0.00684809600523168,0.126319608745152
"chr4:66172555-66219277",11.2329129371488,-0.445482403813177,0.473774980375257,-0.940282670605208,0.347072586148623,0.841007582407382
"chr9:41309609-41311450",1.1876945411829,-0.323578766834096,1.82595108921171,-0.177211081252887,0.859342591839569,NA
"chr5:74954384-74956829",8.05405127564618,-1.07961201830965,0.635314513762993,-1.69933473094305,0.0892561321782342,0.52742259923502
"chr10:48165219-48194542",2.20237796499238,-1.67710894810756,1.42353105204447,-1.17813302751557,0.238743576945793,0.751590562386689
"chr10:39125171-39129794",0.84374508722496,-2.91620120773424,2.80549033025734,-1.03946222030526,0.298589819756737,NA
"chr3:159754051-159754822",0.350119076021757,-1.65931207773334,3.46819812048484,-0.478436358042133,0.632339661090349,NA
"chr6:9405093-9434931",22.7667681543321,0.25000976046864,0.307240349542737,0.813726975772315,0.415801376846004,0.869632712935665
"chr17:53963185-53968528",2.55294158772351,0.958317781180254,1.09849628346829,0.872390553889314,0.382995351959563,0.847517130202294
"chr10:18326421-18402658",1.46732352430885,0.691291358082724,1.74607231304765,0.395912215615012,0.692169789098956,NA
"chr6:129864989-129890111",2.97436421147508,0.0222386903646829,0.926206534992896,0.0240105090220006,0.980844226137121,0.988190455432406
"chr1:256607892-256646244",0.721233030111364,-2.68020343788352,2.77870343176084,-0.964551814795544,0.334769343936554,NA
"chr15:88651499-88659273",5.76268419565988,0.228791281409823,0.609263622384581,0.375520994531666,0.707273035579132,0.944848978468864
"chr2:18492291-18531203",0.793454405341611,-2.82197465409606,2.63966255589994,-1.06906644100725,0.285039732050995,NA
"chr3:112752502-112762808",2.96767363017189,0.476964570665659,1.0094314683214,0.472508125250753,0.636564143491949,0.927546428215114
"chr12:29976309-29988732",2.15901405181615,-0.830436115422761,1.23067376674027,-0.674781682900713,0.499814479519583,0.891574348704408
"chr5:40847502-40856420",5.30980374735555,0.565158425060223,0.640501158098627,0.882369091631208,0.377577244505145,0.847517130202294
"chr6:78285568-78298091",3.48385108739974,-1.89253057626774,0.969065641929809,-1.95294363393065,0.0508262745807445,0.40335967908556
"chr1:28362167-28375861",1.35327726380688,-1.60097353814568,1.90373038298154,-0.840966532056027,0.400366683975851,NA
"chr6:125438435-125553497",0.671313753676461,-2.5840990144134,3.15490754264584,-0.8190728189284,0.41274486870868,NA
"chr9:113534378-113545068",1.54725933963997,1.01326129832173,1.70381732230252,0.594700667177405,0.552043575790514,NA
"chr7:64125692-64131186",0.365775516203104,2.37520696897225,3.50692129276354,0.677291210918659,0.498221206248895,NA
"chr1:104696204-104750940",0.9809741712213,-1.2450439413857,2.44523238446148,-0.509172031786214,0.610631645297418,NA
"chr10:46771409-46776306",2.38227105506324,0.904944311755758,1.31697105215715,0.687140624900975,0.491994116015718,0.891574348704408
"chr1:126188351-126195625",3.82185070312595,-0.295633084735032,0.857163880396687,-0.344896806195586,0.73017195174799,0.947142759447761
"chr10:37764317-37764822",3.08924625212079,0.182225175018315,0.998660277008673,0.182469633781912,0.855214183017517,0.984990341532587
"chr6:21301779-21323737",1.61834737552938,-1.95245139585628,1.87909790427899,-1.03903654589272,0.298787739927629,NA
"chr17:24045781-24058139",1.39006105404665,-1.64844965413708,1.88382379157522,-0.875055120075045,0.381543915044414,NA
"chr2:38096882-38097500",4.51670482410992,0.0620829754428052,0.74380335435771,0.0834669204959625,0.933480279204143,0.988190455432406
"chr4:49210934-49220556",4.67866470824224,0.0192004182120398,0.761792937763565,0.025204248110264,0.979892048531891,0.988190455432406
"chr14:2944122-2946057",0.663941761704166,-2.56900516130373,3.17004612187251,-0.810399931905803,0.417710356994353,NA
"chr3:112885985-112899649",1.77775056817704,-0.0971019433285444,1.5840745154448,-0.0612988482434354,0.951121208047676,NA
"chr1:243373401-243376079",3.72756591088316,-0.469366568435924,0.798670541025242,-0.587684839149576,0.556743853626004,0.903237156981145
"chr3:64554659-64556084",2.04363093963332,-2.63701394277396,1.58273967229088,-1.66610718675997,0.0956920673734662,0.534692886869162
"chr9:94463647-94464799",2.24851774208841,-1.2928090638254,1.40164238630841,-0.922353002772952,0.356344475530972,0.841007582407382
"chr7:80721364-80745256",2.31325210871796,-2.64331475192876,1.38069403210416,-1.91448263733015,0.0555585155507009,0.414411878288015
"chr10:75337353-75340473",2.97275555081604,-0.594236054040619,1.00483097899248,-0.591379113964465,0.554266431449579,0.903237156981145
"chr18:3175483-3176344",3.79600849921144,0.326754075359663,0.771671861710319,0.423436555837933,0.671976778384305,0.930208821516241
"chr3:94360855-94363073",2.94742869687291,0.764901892526675,1.01633548621514,0.752607680142305,0.45168570112641,0.878445961333827
"chr14:114649026-114649217",1.35091195556198,-1.30735382710108,1.84674157320334,-0.707924620353543,0.478992069528833,NA
"chr11:34611539-34631134",5.82638042610708,0.115471438538974,0.660440325268658,0.174840078839829,0.861205294996339,0.984990341532587
"chr10:57535289-57538307",0.712639577192873,-2.66505159110747,3.07088046142457,-0.867846086679378,0.385478596500898,NA
"chr1:126573474-126583015",19.7675591083132,1.44983824684268,0.371298045222618,3.90478287051958,9.43100219082425e-05,0.0143036866560834
"chr11:70130510-70156430",0.898899118525831,3.63107922782834,2.7089884771133,1.3403819390541,0.180121204454014,NA
"chr4:64889575-64891921",0.998473679787278,-3.15231622510189,2.13187330607166,-1.47866020749168,0.139231152528027,NA
"chr11:24491881-24498116",3.54229980907887,0.0385946642912136,0.932866485574986,0.0413721201136572,0.966999238687037,0.988190455432406
"chr6:136102013-136107031",6.5019869707396,-0.098187420779543,0.596885618654035,-0.164499558560238,0.869337894232073,0.984990341532587
"chr14:60573253-60586776",2.94457826450028,0.541688357980154,1.02746041857953,0.527210925291934,0.598047122586243,0.911576821824109
"chr1:246648294-246649407",3.14704710362676,1.83179145258513,0.989331692405695,1.85154429666645,0.0640912882350616,0.443123748682658
"chr6:80085774-80092480",0.832720259042376,-0.486104040191174,2.66321071113508,-0.182525565160405,0.855170293236444,NA
"chr16:10920598-10925471",1.80414684876171,-0.0660468245749133,1.46615872286639,-0.0450475269456429,0.964069426355693,NA
"chr18:61308852-61311205",8.11130916663125,-0.187985182206758,0.580123978896733,-0.324043116721814,0.745905391422725,0.948821155327121
"chr14:84719215-84751768",1.02011872746703,-3.19280975697741,2.30978845579708,-1.38229531321976,0.16688104447046,NA
"chr6:3328492-3345418",2.12217690890797,1.90290814276652,1.45935435627602,1.30393837150174,0.192254595875697,0.705450331640661
"chr11:7355304-7362812",1.48575034672024,-0.550420464646953,1.61189525049753,-0.341474090501266,0.732746706761954,NA
"chr11:69018396-69064671",2.02725149066847,-0.663615198969895,1.36784554329635,-0.485153606868987,0.627567388282323,0.922098476862616
"chr2:113322714-113345579",1.10040327977511,2.17911228423139,2.27699367975928,0.957012882206053,0.338560752907949,NA
"chr10:29318809-29319752",43.3864427551971,0.460625882151158,0.252322348576705,1.82554531831781,0.067918778941554,0.452505284621405
"chr5:154919349-154929004",1.48001114448351,2.61601879012162,1.97734882811155,1.32299306674181,0.185837683518078,NA
"chrY:523566-532697",1.39081179597888,-0.710695699249949,1.97609591955426,-0.35964635735408,0.719111611865336,NA
"chr1:242716557-242737019",0.418909882146281,0.582748869879249,3.5242088606502,0.165355940275269,0.868663830784812,NA
"chrX:52134152-52181132",1.7170444474386,-2.08044710116313,1.67412524478501,-1.24270696451405,0.213975836571124,NA
"chr5:100493404-100640984",8.49093620675486,0.62405352946844,0.528341650072673,1.18115527969942,0.237541043012569,0.751590562386689
"chr4:66322916-66340458",0.934188706359927,-3.05337983611831,2.66328361860472,-1.14647190212432,0.251599946760223,NA
"chr4:66193731-66200637",5.15286948006467,-0.839790549159751,0.691565141599104,-1.21433325459104,0.22462049178746,0.741368556801169
"chr9:92325183-92327598",4.26341418814302,-0.588520858398983,0.747821178261854,-0.786980732167642,0.431293145454442,0.870796405151228
"chr17:53963185-53966929",0.961234592665188,-3.10261482698001,2.36574208657955,-1.31147636277877,0.189696874467663,NA
"chr8:118993069-118995378",0.988675237585882,-3.13956402918536,2.34188458278337,-1.34061432927405,0.18004570246756,NA
"chr14:83245280-83253764",0.209215123788273,-0.864529267836178,3.52826081804341,-0.245029863839715,0.806433308056728,NA
"chr1:15488392-15567557",0.845945924005002,0.800119792587502,2.8821158977477,0.27761541207027,0.781307599917535,NA
"chr4:6866069-6869642",1.22062636035353,-1.39893653748314,1.98565252689891,-0.704522326304454,0.481107551212272,NA
"chr10:35876034-35876397",3.28593987106521,0.0718123512891322,0.838204136244592,0.0856740597951153,0.931725523575682,0.988190455432406
"chr1:247944245-247945662",8.40933871678395,-0.208972701254206,0.521292220942737,-0.400874390330028,0.688512605774847,0.93559772637995
"chr17:36602134-36627167",3.60125290618772,1.06716947672694,0.883658352179918,1.2076720308186,0.227173440443547,0.743625290660533
"chr8:439822-456940",3.55334844360723,0.210067688919265,0.927341258680201,0.226526844301346,0.820791683066002,0.973397608501384
"chr11:89434192-89447041",2.14490703477116,-0.273730457504612,1.23070890530145,-0.222416898362789,0.823989358258007,0.974649457558215
"chr1:127814440-127858479",1.07266620836431,-3.25899564549395,2.21912745086667,-1.46859327264919,0.141943140636434,NA
"chr5:160066006-160070914",6.15572833042265,-1.17910805692606,0.671544276091862,-1.75581580977509,0.0791198639853038,0.484467048536938
"chr5:7703776-7780390",12.4046034599925,0.000595638887461685,0.436432818637699,0.0013647894063534,0.998911055941977,0.998911055941977
"chr1:164025518-164064815",20.6451873516147,0.322549498333041,0.32985978382287,0.977838203235607,0.32815435290011,0.838821520053651
"chr10:67936673-67982051",2.17574691952563,0.117855160012482,1.33438020934674,0.0883220233535835,0.92962073525072,0.988190455432406
"chr4:161652798-161658514",4.22096458071292,-1.74503217879255,0.848624529542014,-2.05630655024114,0.0397529773274868,0.384652629842431
"chr1:175200414-175218889",2.90118218528766,-0.355016552607442,1.0105569637281,-0.351307808812413,0.725357437258376,0.946854791937773
"chr12:30082881-30083826",4.90665016140418,-0.180101775379192,0.670307442700678,-0.268685328412228,0.788171842982854,0.959320979318533
"chr17:52477332-52555114",13.1969038939927,-0.409579948948934,0.450503452352597,-0.909160511001738,0.363265405302391,0.84538987169253
"chr2:34373875-34404958",10.6085112310407,1.18659320551302,0.500683991148138,2.36994436908597,0.0177907619042816,0.230566645581288
"chr18:77489360-77520779",1.35091195556198,-1.30735382710108,1.84674157320334,-0.707924620353543,0.478992069528833,NA
"chr6:28235696-28249256",1.07740999587423,-3.26499150204487,2.21446758223457,-1.47439119372894,0.140376294134181,NA
"chr4:66172555-66232564",14.3921705381105,-0.235710330007224,1.48351613712246,-0.158886259548498,0.87375848646388,0.985030940445168
"chr2:30505860-30508276",0.616625468217227,-2.45446965435335,2.981982591513,-0.823099927323183,0.410451170141283,NA
"chr5:73923649-73951450",1.07135210613312,-3.25771460458923,2.04496910260318,-1.59303854539526,0.111151544239358,NA
"chr2:218919131-218929338",2.48477038598433,-1.98448641051806,1.35796223816923,-1.46137083546115,0.143913699886597,0.633684517242595
"chr14:88761036-88775039",1.22039333057578,-1.76673822189885,1.98883637713076,-0.888327588038023,0.374364563943258,NA
"chr18:81289815-81428974",4.67861643920856,0.358768918108352,0.751193243812364,0.477598701883382,0.632935854990425,0.926195044664186
"chr7:114550936-114562987",0.609144363296647,-2.43914864856151,3.4330417157787,-0.710491992378324,0.477399094879153,NA
"chr18:61323689-61340634",11.2259537406598,0.351014103345492,0.467150719802347,0.751393690443219,0.452415758840792,0.878445961333827
"chr1:154405931-154411147",0.847917077351787,0.792264224111746,2.8786512927564,0.275220630614529,0.783146737840827,NA
"chr3:54509941-54519757",4.43526807992642,-1.7143941050851,0.829382843682708,-2.06707206224893,0.0387273641676959,0.384652629842431
"chr12:628708-636629",7.18647831791103,-0.0535777871571934,0.573062250786174,-0.0934938343673675,0.925511247703743,0.988190455432406
"chr20:22822066-22856689",1.08700854631447,-0.870287126882456,2.10332654999661,-0.413767004882746,0.679044750295743,NA
"chr4:58469325-58485447",2.16447169290309,-0.484298525166762,1.20859669402982,-0.400711442914812,0.688632585012486,0.93559772637995
"chr6:135786660-135797661",10.5607551458505,0.0636273378508586,0.494665685238444,0.128626948966934,0.89765284124881,0.987210557820386
"chr3:150005719-150014299",0.479631719659202,-2.09943001024662,3.44610472219664,-0.609218285423545,0.54237976168248,NA
"chr8:26290097-26303578",6.33782489118113,-0.480187389322967,0.602401852063963,-0.797121369527231,0.425380546623746,0.869846168564453
"chr9:20794681-20817197",1.56061213998593,-0.560841841249861,1.7254980396665,-0.325031862312785,0.745156957156194,NA
"chr17:5514017-5571375",6.13555014669191,-1.36361276057622,0.683429545807046,-1.9952499404543,0.0460156267026423,0.387724262031523
"chr15:70790038-70792497",1.78985324876157,1.24021092128018,1.56710448070217,0.791402830221305,0.428708958943362,NA
"chr14:104958186-104960143",0.78617505465431,-2.80988301157123,2.65133423126582,-1.05979962029522,0.289235769604859,NA
"chr19:34249087-34272192",4.52635186429625,-0.381358957715633,0.745538028094577,-0.511521804850517,0.608985724070535,0.914627885183078
"chr9:37910962-37923009",6.66709187531142,0.310573127669496,0.600331660543439,0.517335912932454,0.604921688438026,0.912263527159637
"chr2:258825484-258830770",0.403487467716034,2.49800990792293,3.49703743092972,0.714321752987018,0.475028244104806,NA
"chr10:78117809-78126033",0.537983290288046,2.90774308620235,3.46935647780212,0.838121739523417,0.401962334509644,NA
"chr11:57442466-57454443",9.04376598908094,0.451039130650172,0.510529079169436,0.883473927447881,0.376980263401411,0.847517130202294
"chr17:5429865-5436758",4.2762818769209,-0.63893371524229,0.799683966680495,-0.798982775526333,0.424300399610376,0.869846168564453
"chr11:34495233-34500943",9.81596270528609,-0.320976911849834,0.507114078229618,-0.632948138553744,0.526767510497994,0.897055804749136
"chr1:282225916-282231487",0.683993942989274,-2.60963784915952,2.84415734481611,-0.917543417179775,0.358857952571986,NA
"chr18:17282002-17289722",1.30238881032001,-3.53495120848318,1.84816429552283,-1.91268233946873,0.0557887314233845,NA
"chr20:27278618-27279990",8.41212746900898,0.715849049309178,0.530216105702602,1.35010808161059,0.176981316427364,0.687884800332602
"chr7:73684650-73698020",0.897185784775676,0.578358085641697,2.78380738833976,0.20775793902416,0.835417975756186,NA
"chr2:220435620-220441299",1.94511440549688,-0.743633082707989,1.40755397669798,-0.528315855035627,0.59728012891945,0.911576821824109
"chr4:49210934-49232570",0.607849691046106,1.00967179746459,3.37654116993786,0.299025466194204,0.764920614816617,NA
"chr10:57549452-57549919",2.53337808695974,2.01266721387339,1.20378845119652,1.67194427880819,0.0945353102928945,0.534692886869162
"chr17:85046029-85057912",2.5015493080152,-1.89373829930314,1.32849876310732,-1.42547238423748,0.154020697328838,0.661126578156806
"chr15:33308128-33313813",2.7329955746987,-1.81545546635026,1.13077802734255,-1.60549234460876,0.108385496574138,0.548623218629885
"chr15:45437783-45445017",1.56510260427892,-0.861000251707589,1.69332825394433,-0.508466240790604,0.611126408529295,NA
"chr8:87521066-87531662",0.894978465891052,-2.99538120814264,2.47479905890972,-1.21035330014319,0.22614335342367,NA
"chr7:102723273-102724348",1.44935627934838,4.28602317701367,2.0707122399534,2.06983041598775,0.0384682279833724,NA
"chr4:183483025-183487172",1.25008300917972,-0.558454822766995,1.91659998542463,-0.291377870715818,0.770762337259269,NA
"chr3:2021173-2037677",0.262589307016317,-1.24909998425275,3.49563101511562,-0.357331760375012,0.720843456029211,NA
"chr1:219018599-219028923",3.33970269452913,-0.778214172113362,0.923148368880565,-0.843000105234487,0.39922838493932,0.860895332452087
"chr15:70790038-70819895",1.41269321146955,0.890828924126717,1.77639789605813,0.50148051070286,0.616032990616742,NA
"chr1:217835316-217844959",0.175059538010878,-0.750824945158805,3.53112465734264,-0.212630540696867,0.831615148094947,NA
"chr14:60580466-60586776",1.08489110079481,-3.2739674651365,2.22272620269783,-1.47295130689634,0.14076416601173,NA
"chr1:177129021-177130995",1.42889212373639,-0.429556030710898,1.65832172810117,-0.259030574967351,0.795611649952236,NA
"chr3:60029646-60032771",0.778583101238013,-0.763032081966801,2.75332124670451,-0.27713151267041,0.781679125473513,NA
"chr4:171770056-171787877",4.99646707589406,-0.381945683935647,0.689921598386978,-0.553607373401018,0.579847578758782,0.903237156981145
"chr2:226925637-226942478",4.04512433271046,0.389967672309127,0.838529524617407,0.465061349493992,0.641887523459804,0.927546428215114
"chr13:113832448-113836291",2.276604524873,1.78175899378937,1.3022632882397,1.36820181439486,0.171248913843173,0.687884800332602
"chr8:72065616-72067595",3.86833942778335,-0.201176624927111,0.754456015837825,-0.266651230428196,0.789737707068372,0.959320979318533
"chr19:17294202-17298165",0.857739378768962,-2.93839096041616,2.78152113729137,-1.05639713501424,0.290786814370516,NA
"chr8:72823430-72828397",3.40662754948297,-3.30634576966326,1.19852079510304,-2.75868869624327,0.00580337895836148,0.116494298208286
"chr19:34270069-34310855",1.03471079061455,-1.02273823047319,2.18194368234377,-0.468728060558647,0.639264026962335,NA
"chr10:29318809-29330456",5.32663159673081,-0.718579976015001,0.679499702638632,-1.05751330460427,0.290277385834994,0.815285250339026
"chr2:232151300-232155897",2.93271991490855,-1.43388923741714,1.05627444784241,-1.35749685164312,0.174623393144476,0.687884800332602
"chr16:83050847-83058847",4.37473465423658,-0.419615067881308,0.723657022375031,-0.579853514727374,0.562013405785291,0.903237156981145
"chr4:177261696-177297215",0.674852551903473,-2.59156483530455,2.86041195513052,-0.906011048742908,0.364930004425206,NA
"chr10:93464374-93483645",1.08569444408328,-0.882490271311629,2.28393546163166,-0.386390196280402,0.699207709689193,NA
"chr6:76620895-76626199",4.68963413430879,1.51780337312982,0.754834772750355,2.0107756398125,0.0443491603067085,0.387176620034621
"chr8:28018432-28026404",30.1932545093,0.17604391828135,0.991552720600794,0.177543679346352,0.859081359001402,0.984990341532587
"chr4:8223840-8241173",1.66775838907945,2.87590296300975,1.72079334929715,1.67126573576334,0.0946692011474816,NA
"chr17:15857684-15858717",1.49958079591106,-3.73834262665055,1.70808245620097,-2.18861953243475,0.0286245049474036,NA
"chr14:23630512-23654497",0.513787305436596,-2.19182672101634,3.44224748135212,-0.636742922433744,0.524292310188243,NA
"chr11:31943121-31955266",1.84096939541895,2.34650869664148,1.71922575150286,1.36486362805483,0.172295915860395,NA
"chr19:55903008-55905737",0.262589307016317,-1.24909998425275,3.49563101511562,-0.357331760375012,0.720843456029211,NA
"chr4:27549175-27563899",0.384274661799151,-1.77975633781923,3.46148317390987,-0.514160043080301,0.607140101081082,NA
"chr5:147363511-147368505",5.00306029948815,-0.308717298700505,0.804310086608099,-0.383828704675847,0.701105411378821,0.941937880444972
"chr3:94736244-94739909",1.21830450203185,0.523803206057202,2.13331464345468,0.245534903941295,0.806042285695326,NA
"chr2:226999743-227021305",1.69865040973691,-2.32817048438539,1.8619363344012,-1.25040284212195,0.211152426891982,NA
"chr12:10499000-10534434",2.58255375454477,-1.41133756853393,1.18462210433855,-1.1913820984473,0.233503617338767,0.751590562386689
"chr3:81121255-81143240",13.3897355894263,0.730877145842918,0.408363477139786,1.78977109060302,0.0734907184620094,0.467817877447452
"chr3:59847598-59862336",1.65856763855499,-1.66136349406486,1.5426509735369,-1.0769535835159,0.28150100278076,NA
"chr18:16472884-16475633",2.60014606730532,-1.34034751023915,1.19474309096663,-1.12187090293589,0.261917333879561,0.784028861284212
"chr1:29457380-29471715",0.775431296295743,0.972400413550188,2.74032605862296,0.35484843509419,0.722703140520926,NA
"chr11:87574249-87591013",0.895180220124331,-2.99569762149206,2.48485575967901,-1.20558209860803,0.227978665009946,NA
"chr5:99465650-99474162",2.37037770189761,0.637892647681756,1.26079815304409,0.505943513750886,0.61289630407597,0.915321066809299
"chr1:220032746-220034697",1.37373138371575,1.78305585519003,1.84141711837974,0.968306331788064,0.332891403473096,NA
"chr2:117666300-117666646",10.668891319963,-0.656109363889421,0.470219591715996,-1.3953254510197,0.162917720554888,0.677350595239973
"chr5:155850980-155851664",31.5814818053127,-0.370874348909209,0.272489419201358,-1.36105963305368,0.173494845020556,0.687884800332602
"chr1:88586311-88592011",3.13477473435302,0.186119438138248,0.915763877656702,0.203239549712857,0.838947801653768,0.980781603302298
"chr11:34631080-34646928",1.00672220752655,-0.950140237929929,2.40860525012162,-0.394477358995192,0.693228639765188,NA
"chr10:48178920-48200848",1.19192511291804,-3.40868689919281,2.0888244018748,-1.63186857455963,0.102707175421296,NA
"chr4:147527096-147528435",3.21609826745897,0.051198296050693,0.970034604812304,0.0527798655807743,0.95790730407541,0.988190455432406
"chr4:11460075-11497530",0.243850344135403,1.96009575073012,3.52690144366078,0.5557557482229,0.5783778404602,NA
"chr2:61054405-61054772",1.53766513151757,-0.392180574279975,1.72717431027356,-0.22706484918587,0.820373316459569,NA
"chr6:104798968-104800369",1.86635594914424,-2.40502523045891,1.49553825433565,-1.60813354221238,0.107805934414899,NA
"chr10:46824807-46826650",2.98230244668379,2.30769948221279,1.05597444701209,2.18537436084983,0.0288614091828053,0.320291248248205
"chr20:19381829-19383486",1.6170400608053,-1.64137782040757,1.69586855499026,-0.96786853885441,0.333110028498605,NA
"chr17:38026513-38080864",3.84186933893725,-0.172904981366177,1.78481224301313,-0.0968757257482042,0.922825086165633,0.988190455432406
"chr3:6464953-6472752",8.67390244691959,0.468085534896398,0.522144856908405,0.896466811275152,0.370003498242156,0.847517130202294
"chr5:7660223-7703890",0.798564673264982,-0.372298225676976,2.97909836704212,-0.124970101623943,0.900547220192045,NA
"chr10:48452001-48528848",1.54304113833481,2.03125301936478,1.62284468431101,1.2516619976034,0.210693053141778,NA
"chr13:97022518-97023051",2.91523422153897,1.97182897385454,1.06570854715439,1.85025162753891,0.0642772910177042,0.443123748682658
"chr16:14184372-14186953",1.05604371235793,-3.23845466945335,2.24127220008606,-1.44491805561547,0.14848090408884,NA
"chr6:18919493-18939027",0.4656374281152,-2.05996318133137,3.44782768455296,-0.597466976253036,0.55019564883066,NA
"chr3:123285078-123304722",1.4988721075512,-0.0815328334224159,1.5941392476823,-0.0511453648361996,0.959209687360649,NA
"chr5:7777226-7798747",5.85964995337328,0.28846518984348,0.604405531213351,0.477270929775217,0.633169208664443,0.926195044664186
"chr2:20507150-20626804",2.41512421567355,-1.19521143070209,1.24155472938005,-0.962673172932857,0.33571156365956,0.841007582407382
"chr1:175700307-175720685",2.16264235556807,-2.51741503262518,1.41083049289947,-1.78434974668822,0.0743668514412296,0.469957186191104
"chr6:135672583-135696475",1.1691998774334,0.760492998834796,2.36662364831627,0.321340910869309,0.747952056606145,NA
"chr3:150002101-150014299",1.25898098496109,-1.72119068156219,1.95561814630993,-0.880126155921552,0.37879097115909,NA
"chr2:94708675-94720889",6.43512149760574,-0.335185136801783,0.600444567715293,-0.558228277553032,0.576688513725999,0.903237156981145
"chr10:61476849-61483913",3.51402404015952,0.620052085832216,0.914899572674451,0.677726937853593,0.497944843275899,0.891574348704408
"chr8:13085939-13090209",6.14571821738569,-0.71122729640783,1.30093998861358,-0.546702617055985,0.584583055955244,0.904711872311687
"chr13:26277463-26280241",4.50455217858169,0.599985807201563,0.815999552948845,0.735277127338299,0.462170735165894,0.889792741186806
"chr7:66743103-66747728",1.58112231352007,2.77315768855464,1.76511212866898,1.57109434778276,0.116160735314487,NA
"chr6:4518806-4520635",51.2678577736194,-0.621598648372064,0.238465482314982,-2.60666089841469,0.00914298567816275,0.157976904439141
"chr17:12322146-12352876",7.28995094140535,-0.866940922765662,0.622378836902697,-1.39294730373552,0.163635726437338,0.677350595239973
"chr4:8223840-8241220",5.38803857030019,0.550226391971378,0.705530412820018,0.77987622074591,0.435463736402644,0.872845815256401
"chr7:59556898-59587384",9.61627621150793,0.220790378495368,0.503872364857447,0.438187116211132,0.661250647332589,0.928913526315867
"chr10:106264856-106265494",5.64162814538554,0.187000529559009,0.6492715228978,0.288015911624149,0.773334558800918,0.955627284144572
"chr13:103194816-103197818",0.403487467716034,2.49800990792293,3.49703743092972,0.714321752987018,0.475028244104806,NA
"chr10:61461420-61498597",4.01801608568207,0.934403702819742,0.790431679853741,1.18214353831648,0.237148751419852,0.751590562386689
"chr5:163070742-163071773",0.622792470906618,-2.46870564859829,3.2704296244722,-0.754856680029218,0.450334980726909,NA
"chr5:100493404-100523952",3.93423176951075,0.328623582334467,0.788023707420823,0.417022456608624,0.676661982060317,0.932920788621625
"chr1:220039308-220042767",2.04539945491983,-1.53936343632357,1.46269896028291,-1.05241302422601,0.292610095749025,0.819946716651511
"chrX:51692026-51719653",1.40896752556093,-3.64738110271389,1.7609181354879,-2.07129509839667,0.0383312270706947,NA
"chr14:84739856-84751768",0.69193034479217,-2.62480659173525,2.83006579743061,-0.927471931613141,0.353681558474155,NA
"chr6:72392025-72430205",1.68785316899017,0.303552673229046,1.48809063403171,0.203988027534738,0.838362854849128,NA
"chr14:9421418-9440942",1.89726318844891,2.52953345446657,1.56915609390719,1.61203430575734,0.106954474750021,NA
"chr6:106053312-106055105",1.72295493742351,-2.0714954128474,1.82975623302119,-1.13211551105202,0.257585874545146,NA
"chr7:114550936-114573932",1.23016743508976,-3.45020291185329,2.05620772255314,-1.67794473000483,0.0933578892670244,NA
"chr11:45487965-45497839",1.40036548132726,1.77538409113248,1.9918502131583,0.891324096261944,0.372755325194693,NA
"chr17:63860368-63879166",3.33196354778473,-0.187591203075888,0.899719952016812,-0.20849954772636,0.834838935740408,0.978823684110875
"chr2:24067948-24083767",3.29139747295783,0.649054494497232,0.89016850090868,0.729136667759733,0.46591806685622,0.891574348704408
"chr12:14608110-14703546",0.912842224957024,3.6483081045019,2.6800033942781,1.36130727009196,0.173416606464211,NA
"chr5:135354650-135359472",1.05297873983866,2.08019901137745,2.34757312001959,0.886106163696442,0.375560321946509,NA
"chr6:91942178-91961861",1.36061589400625,-3.60276408773752,1.94064132262442,-1.85648117750339,0.0633850034678427,NA
"chr13:50211625-50220923",1.90050203404351,-0.462155976832983,1.52765356531194,-0.302526690165262,0.762250590254763,NA
"chr2:247858119-247883725",1.55129380914689,-2.16685589325509,1.64849996391916,-1.31444097099255,0.188697850422434,NA
"chr8:46716191-46723643",1.30375904216875,4.17309184434078,1.98766259168418,2.09949709865237,0.0357731033115271,NA
"chr3:67751613-67755221",1.28709530815637,1.63748439426095,2.07407534993107,0.789500918718004,0.429819293023002,NA
"chr2:195768840-195795666",2.29848988116339,-0.543555342783709,1.16902080749467,-0.464966354147795,0.641955551338968,0.927546428215114
"chr5:146964481-146974020",3.65660888155623,-0.966767215520512,0.888452195661294,-1.08814770253444,0.276529907718271,0.80506075555798
"chr18:48853173-48874963",6.70349804797984,-0.287747058530984,0.666488134432305,-0.431736206040755,0.665933149652073,0.930208821516241
"chr2:188301023-188330330",10.5434589819464,0.0427758576002693,0.470420318511965,0.0909311437388124,0.927547303570544,0.988190455432406
"chr10:57549452-57563686",1.93516299576185,0.154722834632326,1.40650754787675,0.110004979970349,0.912405425441742,0.988190455432406
"chr18:73479863-73490210",1.68981617141515,4.5336514524689,1.63635710087789,2.77057584193367,0.00559572669513436,NA
"chr5:128130304-128136348",2.84041138750223,1.31524956922529,1.04206400165363,1.26215814684909,0.20689188549312,0.722269625826365
"chr9:1442054-1485363",11.5331300667762,0.162730027636258,0.487929175904955,0.333511574368238,0.738748154006513,0.948776041121522
"chr18:1342696-1346489",0.839122597170081,1.62538248736889,2.66616557256648,0.609632989073621,0.542104953590113,NA
"chr13:68752167-68763048",0.653266306943174,-0.365511871613564,2.98456149987134,-0.122467528857864,0.902528760601711,NA
"chr7:35079420-35095720",1.43249108530247,-3.67846594470186,2.07959952109805,-1.76883381025189,0.0769216126421397,NA
"chr17:5511386-5571375",7.48739949622343,-1.25036617116418,0.578350845624505,-2.16195096907661,0.0306219556889736,0.334391756123592
"chr19:49158646-49159228",4.6771707370757,1.08952206097138,0.768602237310807,1.41753693663892,0.156326003129606,0.662686317614634
"chr1:1742558-1750895",1.59687428472536,-0.981048476527462,1.55420947327658,-0.631220239868453,0.527896529819672,NA
"chr5:8808346-8810643",1.45320031770317,-3.69877721193841,1.73001241116127,-2.13800617156013,0.0325162423443433,NA
"chr8:59736470-59745377",4.22788771953911,-0.775185059640768,0.759135112602797,-1.02114241163598,0.307186971809724,0.831836523128894
"chr1:218880619-218883236",1.32309804272071,-3.55716117555825,2.17582867279625,-1.63485352501895,0.102079757075569,NA
"chr16:79742813-79752370",1.03411301901103,-3.21088766146491,2.27933998141855,-1.40869185274705,0.158926305053878,NA
"chr1:84060848-84061187",1.11778573505541,-0.152645905124051,2.23917427039126,-0.068170623047298,0.945649811965707,NA
"chr1:167260358-167276543",1.78665981331209,-1.28582557117175,1.58016674631865,-0.813727775354957,0.415800918684193,NA
"chr6:125523808-125569718",5.35790132872324,0.348064306664224,0.626587133113034,0.555492266390722,0.578557998424255,0.903237156981145
"chr2:86868285-86964272",5.56624320656649,-0.183676603545914,0.637700748372131,-0.288029462118068,0.773324186352384,0.955627284144572
"chr5:144931944-144932532",2.75268312480677,-0.325202704950477,2.13430452178848,-0.152369402599573,0.878895588459662,0.985030940445168
"chrX:52244160-52323791",1.12946515183609,-1.21240687052764,2.25008606889739,-0.538826886351846,0.590006309957094,NA
"chr11:69785001-69896883",0.313822685682409,-1.475308488668,3.47957196328698,-0.423991371419818,0.671572106066012,NA
"chr9:65019533-65040855",2.63532610459282,-3.01542474618141,1.30081242240587,-2.31810881741453,0.0204434078300776,0.245928475164079
"chr11:34631080-34738852",9.12111547275279,-0.697765483530626,0.515658311124759,-1.35315473149003,0.17600620367934,0.687884800332602
"chr16:70699699-70705130",0.717310153398443,0.40298151141003,3.13014311338329,0.128742200216672,0.897561642305319,NA
"chr10:81798931-81799587",2.99790328473964,0.738202442682474,1.02920219779781,0.71725696297774,0.473215557117897,0.891574348704408
"chr1:263633065-263633397",2.70495177367509,-0.678843460771093,1.05071562918139,-0.646077246704683,0.518229330057259,0.897055804749136
"chr18:2005294-2032491",2.35494060683893,0.996019063484867,1.16686746887343,0.853583710279016,0.393335687464827,0.855278484517607
"chr8:94152174-94161099",0.567161488664641,-2.34228882448203,3.38014931479587,-0.692954247384625,0.488338264476499,NA
"chr14:84739856-84766181",4.01644796991199,0.536515739607969,1.68318227795449,0.318750824931438,0.749915470564425,0.950449969656862
"chr13:26826515-26836657",2.2092509566685,1.12165179315881,1.28513164208713,0.872791359597357,0.382776810018042,0.847517130202294
"chr8:131890854-131899240",1.23520941674378,-0.999314914636482,2.11427738125056,-0.472650808970676,0.63646232686684,NA
"chr14:4154610-4198845",0.780774216028799,-2.80049294301754,2.66003615903114,-1.05280258447222,0.292431480225544,NA
"chr1:41834768-41838187",0.642011068357268,-2.52380684385037,3.22286107166694,-0.783095140537657,0.433571244590884,NA
"chr8:53049320-53143722",1.19186583340597,-1.31114752388697,2.19054320651259,-0.598549035686154,0.549473650219524,NA
"chr2:206563072-206570833",3.00787403735664,-0.255441726613867,0.992228974403208,-0.257442317452487,0.796837338824778,0.960850677999843
"chr11:68652290-68672983",2.71515072962643,-0.930608277210003,1.06487371138363,-0.873914218429553,0.382164970924607,0.847517130202294
"chr18:2445774-2446986",10.9401017211927,-0.657384896541709,0.509961205045691,-1.28908805226235,0.1973674767266,0.716506930137789
"chr3:62666948-62675261",4.71963100887751,0.0991329039033862,0.73447751269649,0.134970645376792,0.892635083518021,0.987210557820386
"chr8:13066201-13069542",0.932217553013142,-3.0505527650905,2.6663068685248,-1.14411165537682,0.252577334593829,NA
"chr1:216370170-216382773",3.23272259065428,-1.01600959404941,0.993087616815628,-1.02308152558309,0.306269301087759,0.831836523128894
"chr3:71788186-71826755",0.729422278338559,3.3061977793365,3.3537415622671,0.985823659322615,0.324219653605218,NA
"chrX:984901-990236",2.51281557827757,0.151854686532383,1.02461633446761,0.148206388502763,0.882179890202879,0.985030940445168
"chr2:202479064-202493972",2.06911447818611,0.633146440780678,1.34587831530355,0.470433644395169,0.63804523162488,0.927546428215114
"chr3:112871181-112878538",0.406096242197765,-1.85312761238262,3.45765304318415,-0.535949555735665,0.591993414045526,NA
"chr2:113177840-113192625",4.9819120017552,0.886010877345249,0.666899699791757,1.32855192110884,0.183995843083326,0.693796480134641
"chr2:34491467-34503654",8.57700757752174,0.149513369407335,0.505272196874786,0.295906583287398,0.767301423362118,0.955627284144572
"chr17:79373151-79391846",0.880764212903049,-1.02625677264441,2.58752075817049,-0.39661779307619,0.691649329526501,NA
"chr5:160127430-160128210",3.86326071675005,0.349646374238054,1.62981266629734,0.214531633891637,0.830132500878795,0.977381039438815
"chr12:39423519-39432256",1.09430546451029,-0.718356084508569,2.08918264756267,-0.343845515540076,0.730962468416593,NA
"chr11:68722906-68730129",6.07795810547033,0.230801181864854,0.650588220154586,0.354757701899388,0.722771118873711,0.946854791937773
"chr10:63332239-63332486",2.16500362342653,0.662427714556095,1.3124853812905,0.504712451657759,0.613760814170172,0.915610394909601
"chr13:34399886-34400364",3.19009321699546,0.935263024512579,0.915550059469148,1.0215312803921,0.307002796869144,0.831836523128894
"chr9:119615345-119617261",3.77845773537569,-0.432196070553195,1.63088117011738,-0.265007701647625,0.791003528818316,0.959320979318533
"chr18:69654505-69657373",8.1614590887947,0.00921818848169695,0.543447269530636,0.0169624340732423,0.986466584724214,0.991551464026916
"chr4:38263240-38271681",7.5047493896529,-1.01316733057591,0.583937600141382,-1.73506095570932,0.0827300090473068,0.504135992632026
"chr15:6464170-6464312",1.48889921235239,1.90632047365608,1.77847270439993,1.07188627013496,0.283771117789738,NA
"chr5:100640453-100640984",2.65614261706744,1.43493095927584,2.08180757763055,0.689271657330136,0.490652330404986,0.891574348704408
"chr17:5513194-5606503",0.712639577192873,-2.66505159110747,3.07088046142457,-0.867846086679378,0.385478596500898,NA
"chr12:37625064-37629278",0.669999651445272,-2.58209219562252,2.86907490428792,-0.899973783104617,0.368134202716436,NA
"chr5:102432516-102434485",1.77585131494976,0.0460365815784318,1.58156693613091,0.0291082094135416,0.976778288408318,NA
"chr13:101732743-101738842",3.52920667649922,-0.2055632555341,0.875108820765831,-0.234900221156731,0.814286177913455,0.970568198747122
"chr6:125523808-125524984",8.65596798567369,0.37218020604836,0.532076070053797,0.699486834675219,0.484247837781201,0.891574348704408
"chr4:174720692-174730142",1.79477895199212,-0.691320324178629,1.57757878525369,-0.438216037538472,0.661229683941613,NA
"chr2:123597469-123600232",2.4963330726088,1.60896086549284,1.22657086016162,1.31175533167389,0.189602700774864,0.702465859311916
"chr3:60744743-60748589",2.74000383255666,-2.50321138984531,1.34604796042115,-1.85967473927311,0.062931558027236,0.443123748682658
"chr17:63847963-63879166",1.91694978768072,-0.81290780353244,1.4050688795806,-0.578553703200008,0.562890351195385,NA
"chr1:136017017-136017482",0.609625860338507,3.09680210061699,3.45893645926537,0.895304709145975,0.370624223653863,NA
"chr2:20488617-20626804",0.618394867330733,-2.4591649446778,3.27419412122401,-0.751074876329714,0.452607594753995,NA
"chr3:160491308-160495240",3.80258971763409,-0.826894023618929,0.911576781960156,-0.907102988999858,0.364352337603562,0.845817926579698
"chr4:96732982-96745521",12.2212504551911,-1.57231856770411,0.480044585712098,-3.27535944473102,0.00105527611549862,0.0423662322839887
"chr3:175512077-175527973",3.19189953481078,-0.871221368828463,0.947144256526321,-0.919840206837861,0.357656268895204,0.841007582407382
"chr1:128978104-128978649",4.23599338285102,-1.64248139600581,0.850325186196596,-1.93159208108657,0.0534098740321563,0.409575719403896
"chr4:168260038-168267184",4.80585822295173,-0.294932095157267,0.75348391581265,-0.391424540017123,0.695483456081598,0.939005853166549
"chr20:7363740-7372069",6.24049398954417,0.708954647422369,0.600998345271542,1.17962828516949,0.238148088076384,0.751590562386689
"chr5:167014847-167016955",1.93300266722267,-1.08360150922086,2.85687281302228,-0.379296377592154,0.704467789313306,0.944356291547373
"chr14:85059667-85061960",3.54152756540691,0.359804496036339,0.833949426820513,0.431446421647074,0.666143802243377,0.930208821516241
"chr6:21796913-21827554",0.634767161347127,3.15322652922282,3.22438885203437,0.977929981129088,0.328108955653523,NA
"chr7:140533891-140536242",0.539770677180158,0.877550447466401,3.5114417701031,0.249911718581805,0.802655620606899,NA
"chr9:113386175-113416653",8.33841140202079,0.20886480698832,0.524642125355229,0.398109105034028,0.690549763088155,0.93559772637995
"chr14:71861197-71884876",6.73829431786941,-1.33018977898926,0.662003514961782,-2.0093394505104,0.0445011468229715,0.387176620034621
"chr10:62540625-62581037",2.27217378048545,0.0648444064535752,1.29290801163782,0.050153921137384,0.959999730914847,0.988190455432406
"chrX:99728011-99758593",22.805170135801,1.47298897300627,0.878493307754459,1.67672190556741,0.0935968749880516,0.534692886869162
"chr4:174810962-174816343",3.19206206747675,0.776566719251239,0.868043162699999,0.894617632648327,0.370991522764344,0.847517130202294
"chr2:206964921-206976810",2.78038288447815,-1.05385948946794,1.03510368018315,-1.0181197397361,0.308621055457839,0.831836523128894
"chr18:77272004-77275861",0.721831656475571,3.29261085468802,3.37108247934612,0.97672212853323,0.328706736903107,NA
"chr11:89175425-89180448",47.0814511745515,0.423604861670395,0.250429832843409,1.69151117844363,0.0907392146386403,0.53029065011399
"chr2:188348239-188364907",2.3264884093847,0.540589994983473,1.15209317002568,0.469224199090967,0.638909390036871,0.927546428215114
"chr8:70194477-70206310",6.81268173535668,-0.367694630659381,0.607709493226462,-0.605050002933491,0.545145773024737,0.899787158620032
"chr1:261198164-261200060",0.418430247576546,-1.89248775695908,3.45567552905122,-0.547646253547038,0.583934823273292,NA
"chr5:171934969-171935318",2.42005691019413,1.14769006699011,1.21862826332176,0.941788485901118,0.346300941293362,0.841007582407382
"chr14:82168512-82171569",23.737482815018,0.786023258914916,0.319202930133645,2.46245627690768,0.0137988996276571,0.190257555472241
"chr1:154405931-154447475",8.11479910621759,0.375534165749943,0.523431349546951,0.717446836294733,0.473098428940344,0.891574348704408
"chr7:62948952-62978098",0.243850344135403,1.96009575073012,3.52690144366078,0.5557557482229,0.5783778404602,NA
"chrX:68338536-68352920",1.93086088401559,-4.10912715135728,1.64255792336838,-2.50166346823905,0.012361136225702,0.181429580086917
"chr11:34631080-34668255",1.93254060016146,-1.84123905429103,1.53711366041804,-1.19785485075338,0.230973529158092,0.750663969763798
"chr6:21334766-21354603",30.715836178309,0.523603978315091,0.268889649919475,1.94728201130797,0.0515009341305621,0.404413334065698
"chr20:4772233-4940017",7.60095348672882,-6.08292834569761,2.31309458926473,-2.62977933281631,0.00854403075264349,0.149520538171261
"chr4:133073964-133094100",1.51321217449724,-0.798740332160098,1.71601661178406,-0.46546188811639,0.64160072359066,NA
"chr8:109044546-109216053",1.11150469438274,2.12314538481403,2.49983490555972,0.849314240749292,0.395706458769281,NA
"chr19:42800054-42920390",1.69593831384066,-2.32866158687894,1.68889500391053,-1.37880778940495,0.167954024433061,NA
"chr9:30314001-30322372",2.55663546157871,0.811887359718298,1.10807578468168,0.732700209626482,0.463741296096805,0.891558970664985
"chr6:828602-894714",0.827609991119006,-2.87911133322965,2.84563010761351,-1.01176583897063,0.311650027140471,NA
"chr6:24430679-24459158",1.00464068247667,-3.16074899099507,2.32245853163886,-1.36094959196738,0.17352961991415,NA
"chr5:128327978-128330004",0.887386512474756,-1.03988783827492,2.57210691285885,-0.404294173417194,0.685996409588495,NA
"chr10:16769713-16774652",2.47823756159092,-0.370659313817033,1.07667968483886,-0.344261454020569,0.730649669793527,0.947142759447761
"chr2:128562842-128636580",1.45325593093506,-1.74996345144057,1.98428404750313,-0.881911767442062,0.377824523022391,NA
"chr20:12339749-12342262",2.3893466032172,-0.830261203580078,1.14457751056656,-0.725386612890114,0.468214883500093,0.891574348704408
"chr7:137274286-137281978",4.66637829252107,1.14201439578907,0.709570497736069,1.60944458574975,0.107519162743984,0.548623218629885
"chr18:3397653-3400440",0.977764447386575,-3.12467279367746,2.58568153157367,-1.20845229991481,0.226873333041729,NA
"chr5:135596270-135608345",2.77011604799438,-0.518989185138715,0.981123422295586,-0.528974411725294,0.59682320065757,0.911576821824109
"chr1:6804365-6819230",1.15099960269519,3.99211139055949,2.33067526422593,1.71285612021345,0.0867390125970399,NA
"chr16:71013767-71016529",6.80873921893617,0.789603963271364,0.569160487606002,1.38731338605846,0.165346223058718,0.677350595239973
"chr17:5555491-5571375",23.6831945108897,-0.985250665140043,0.893179776700695,-1.10308214632831,0.269991493333557,0.79255567397915
"chr2:187527683-187529234",4.34548860718894,-0.121589046851848,0.734190229076854,-0.165609731696824,0.868464088269247,0.984990341532587
"chr2:226925637-226963787",0.778347765799698,-2.79641145101969,2.66397634370658,-1.04971331957432,0.293849938009539,NA
"chr10:46101744-46129892",1.43518670953543,-3.67227523145873,1.90052312243776,-1.93224443738858,0.05332934276638,NA
"chr8:19886208-19890764",16.8480193219786,-0.0117160824610297,0.388778300174959,-0.0301356388866283,0.975958877908635,0.988190455432406
"chr18:16536783-16538604",0.547066708753919,2.88614447345738,3.47063354038728,0.831590094393926,0.405640355206257,NA
"chr2:227528584-227529462",0.473353868474095,0.549734711189017,3.51762011687735,0.156280295462099,0.875812087436586,NA
"chr10:38712831-38725063",1.5629679692188,1.30393997269368,1.84396597572415,0.707138846301977,0.479480197370696,NA
"chr17:79605899-79644806",1.94653227233103,-0.0861671023797163,1.38645200615451,-0.062149358215948,0.950443890765545,0.988190455432406
"chr17:65713487-65718285",1.15051810565333,-0.214443790497935,2.42097447311488,-0.0885774686513017,0.929417715096975,NA
"chr2:219719197-219719557",1.09904677217449,1.33201057533762,2.26828311110692,0.58723294672313,0.55704726781221,NA
"chr19:34249087-34312530",2.216781819033,-1.41581954654807,1.23027520749961,-1.15081531182406,0.249808224139125,0.767307168028853
"chr12:589609-591296",2.07568690512728,0.197952836821733,1.34198813416942,0.147507143902021,0.882731741392728,0.985030940445168
"chr4:125762257-125764188",0.839001299715044,-2.90840311014491,2.81869976645467,-1.03182436978844,0.302154400787582,NA
"chr19:34292209-34372833",0.588636885129223,-2.39239453559147,3.03200137855472,-0.789047970925352,0.430083969553386,NA
"chr2:197906758-197913548",5.35094862910504,0.0214264876112947,0.778400990761362,0.0275262851224499,0.978039975291397,0.988190455432406
"chr5:7763385-7798747",2.35009064569085,-1.05956063767296,1.27025895247359,-0.834129636016079,0.404207936542847,0.865944412820686
"chr8:64739402-64749357",7.38953937955304,-0.0186360376336223,0.542003937628505,-0.0343835834757267,0.972571274220226,0.988190455432406
"chr15:70790038-70832121",1.6244120527776,-1.63234158421771,1.56453438811824,-1.04334017623034,0.296790769907824,NA
"chr16:40469880-40483041",1.34479796405827,1.81291719229706,2.00041562473602,0.906270261979333,0.364792821640319,NA
"chr14:37251286-37254001",1.17643930259699,-1.70998927490974,2.03519282484177,-0.840209956539469,0.400790676869141,NA
"chr12:22237823-22238433",2.92545002976686,0.603946093503032,1.09427144552073,0.551916159354441,0.581005796531943,0.903237156981145
"chr5:58467569-58467992",0.953348024298503,-0.822960774422476,2.28719331639613,-0.359812512795898,0.718987345202934,NA
"chr7:71322606-71331115",1.14654477359273,3.9908442985195,2.14409361931978,1.86131998274665,0.0626990028844258,NA
"chr4:62265575-62278188",2.84553944439915,-1.80790573769446,1.97430763265477,-0.915716329001597,0.359815698260741,0.841007582407382
"chr2:39021037-39042852",1.2817722192043,-3.51472022497653,2.00661472302028,-1.75156704705441,0.0798482830277566,NA
"chr8:60917720-60920949",2.26972522330395,-0.395925924548986,1.39375501506576,-0.284071390071594,0.77635567158326,0.955627284144572
"chr8:94725468-94730732",4.98612291968959,1.59076937859141,0.780867609834247,2.03718192246325,0.0416318147249537,0.384652629842431
"chr9:73766839-73773659",9.25105545956129,-0.143347839186568,0.532329106523314,-0.269284240575881,0.787710958618311,0.959320979318533
"chr2:47139938-47143309",2.04256504966082,2.00507352289955,2.84434408479939,0.704933532344054,0.480851601159676,0.891574348704408
"chr7:76229137-76229533",2.43565738732003,1.22535643730671,1.3772932018568,0.889684517178148,0.37363530987245,0.847517130202294
"chr7:114608925-114611317",3.50160104803784,0.146970253052008,0.875560189218528,0.167858537724499,0.866694569323357,0.984990341532587
"chr10:792229-802135",0.175059538010878,-0.750824945158805,3.53112465734264,-0.212630540696867,0.831615148094947,NA
"chr2:38006903-38014366",4.14219210697915,-0.746183156372858,0.779415693476618,-0.957362242790463,0.338384449007338,0.841007582407382
"chr14:37238505-37262083",10.4258055502844,-0.0353343801059576,0.488650159479513,-0.0723101781929103,0.942355064875915,0.988190455432406
"chr3:156775155-156778136",4.28261956319806,-0.431162995141026,0.756804768439094,-0.569714955721404,0.568871044687045,0.903237156981145
"chr2:95020979-95029068",1.18603785303723,0.140631649048059,2.14136342998395,0.0656738819197602,0.947637466718135,NA
"chr15:38130856-38151304",1.0879017629679,2.26077111049159,2.30369714130353,0.981366460876167,0.326412059267635,NA
"chr18:36244090-36271261",7.5225053673239,-0.513124653384336,0.556708865158478,-0.921710943543652,0.356679370756045,0.841007582407382
"chr6:108549456-108552990",0.790917052889322,3.43610337620494,2.90941185313388,1.1810302389824,0.237590710871132,NA
"chr2:128619074-128668115",0.59396942015716,-0.325890804173605,3.39979703572584,-0.0958559586790242,0.92363497332886,NA
"chr5:155691684-155709264",5.02664517857568,0.465289491171992,0.742712255287291,0.626473426094217,0.531004461712309,0.897055804749136
"chr13:100885656-100893577",7.17969990491758,-0.476481348633849,0.589080377973488,-0.808856255360272,0.418597833461894,0.869632712935665
"chr3:156690910-156699465",1.38998461685549,2.52503634111093,2.04139568864435,1.23691666204495,0.216118023553722,NA
"chr9:37099083-37117919",0.943844197047495,-1.17524490355056,2.28523124344729,-0.514278328252545,0.607057411270559,NA
"chr1:102613968-102660697",0.890714312950872,-1.19397187255541,2.57025183927127,-0.464534974477028,0.642264507891486,NA
"chr13:95167819-95208329",2.13951346044539,-2.09149867611982,1.35377771646089,-1.54493507367481,0.122361968686479,0.581965460825936
"chr1:162688794-162693133",0.365775516203104,2.37520696897225,3.50692129276354,0.677291210918659,0.498221206248895,NA
"chr20:27535432-27544812",1.23750918651607,-1.15770196225648,2.11924302861882,-0.546280887384114,0.584872872044065,NA
"chr8:53142366-53143722",1.89867645158498,-4.08906436454056,1.54810694161064,-2.64133197431846,0.00825807579630349,NA
"chr12:24995592-24999882",2.62756711933578,-4.54394028809059,1.34814478993002,-3.37051355465051,0.000750282148121085,0.0365762547209029
"chr2:38096882-38110573",4.95983928581856,-0.361924600050668,0.702020328194111,-0.515547179355459,0.606170709988125,0.912263527159637
"chr8:33312321-33335423",10.693067889367,-0.753939849973187,0.47711097563136,-1.58021904437537,0.114056711890514,0.561717636329432
"chr15:44533258-44539992",0.912842224957024,3.6483081045019,2.6800033942781,1.36130727009196,0.173416606464211,NA
"chr8:39224604-39235362",0.203048121098882,-0.859804127123077,3.52848718865857,-0.243675003238413,0.807482534415386,NA
"chr5:48574660-48591948",1.45166306454042,-1.74921107335711,1.83120417875571,-0.955224487607761,0.339464184858902,NA
"chr6:144211592-144275272",179.7157322027,0.986231683083147,3.22686976949366,0.305631077029148,0.759885555948289,0.951866267770906
"chr1:192952650-192955267",6.79743449591605,-0.49558794287122,0.598312395469731,-0.82830967003807,0.407495147827152,0.865944412820686
"chr2:258836959-258843908",1.62037192672775,1.6813908689707,1.56311482246539,1.07566689587062,0.282076257694346,NA
"chr17:5524117-5548199",6.1392866089494,-0.931538025701842,0.663383446810162,-1.40422259581707,0.160252575277348,0.67722837539808
"chr2:80215799-80234308",6.9111956946927,1.65645039072423,0.648983630408121,2.55237622816858,0.0106990916276248,0.17264344127198
"chr5:144916446-144918979",1.17038141285589,-1.70475538570243,2.21138396247995,-0.770899768935031,0.440766344112089,NA
"chr17:79633104-79644806",0.928077316902427,-0.760068248004286,2.51025816991603,-0.302784891655073,0.762053797999731,NA
"chr7:47865531-47889037",2.69387623996738,-1.02513603932334,1.03905021878836,-0.986608751710535,0.323834478192832,0.836168895446201
"chr13:85397122-85399509",1.10356087625115,-1.59007741638077,2.09553301755716,-0.758793778508145,0.447975927925945,NA
"chr13:60462943-60473062",1.88860110769225,-1.90218984854877,1.59283540696284,-1.19421620101715,0.232393407305857,NA
"chr1:128501692-128526760",3.12315884565891,-0.50849889056028,0.985775028647081,-0.515836652160043,0.605968501168867,0.912263527159637
"chr18:77466020-77520779",1.67653421997804,-1.01569769165133,1.79143035533725,-0.566975818303649,0.570730610926707,NA
"chr3:128863086-128865813",1.50830130141911,-0.915725790134401,1.7369162231897,-0.527213562697197,0.598045291283031,NA
"chr5:168944838-168947498",1.37966484024173,-3.62075611165261,1.76331789641677,-2.0533768295611,0.04003604471308,NA
"chr6:4298605-4315062",4.70438168524134,-3.82300631073629,1.14459187668019,-3.34006067020556,0.000837600893559713,0.0394250075761727
"chr11:72245130-72274521",1.09857278960981,-1.46168814959848,2.29196397655226,-0.637744818222344,0.523639805698359,NA
"chr16:32347403-32355385",3.18103160944531,-1.41530208786413,0.970574337768591,-1.45821090955072,0.144782417644003,0.635459807344257
"chr17:1395222-1416266",1.80421178027884,-2.35784490704439,1.53081791898402,-1.54025170322624,0.123499011375279,NA
"chr2:123582304-123600232",1.92768187351305,0.763286308788739,1.40277385917013,0.544126413390888,0.586354485413227,NA
"chr7:141824553-141832801",2.10564276280114,0.0460861408378712,1.34093154069823,0.034368749961593,0.972583102661113,0.988190455432406
"chr9:52047552-52047844",1.72930361897789,1.72546803349982,1.61047195549715,1.07140520367967,0.283987274094106,NA
"chr3:111250424-111251407",2.57028914037347,0.968743262961123,1.28911789770283,0.751477630314026,0.452365258423969,0.878445961333827
"chr4:66195236-66207619",1.73328198113208,0.525655666422995,1.38122280732121,0.380572680697672,0.703520356101829,NA
"chr15:52370515-52375430",1.68856496124875,0.99070317397893,1.48904823912388,0.665326446752213,0.505841718634643,NA
"chr5:22761571-22764952",0.845945924005002,0.800119792587502,2.8821158977477,0.27761541207027,0.781307599917535,NA
"chr18:70254197-70255206",9.32217893700886,-0.972571132587538,0.973685187632696,-0.998855836507211,0.317864532767801,0.836168895446201
"chr6:76020953-76031336",3.50462858435358,0.82958894525907,0.854857771896166,0.970440899682005,0.331826770336579,0.841007582407382
"chr4:96739878-96810129",1.1081142423141,2.15486291017236,2.28779758238623,0.941894041134876,0.346246891240444,NA
"chr18:48505040-48531023",1.08890953359155,-1.56897354672664,2.11939453055394,-0.740293288534894,0.459122052445437,NA
"chr3:112713524-112752649",1.0503514365315,-0.644381167588521,2.32696554281989,-0.276919084417399,0.78184223818381,NA
"chr16:21142668-21143130",2.71745771860138,0.0925439377622228,0.987654970919588,0.0937006753239512,0.925346933808345,0.988190455432406
"chr9:99266783-99267021",8.49699364467714,0.363866506563038,0.537164381277169,0.67738390564524,0.498162407113699,0.891574348704408
"chr6:72537858-72538290",3.54923868200777,-0.485700480652187,0.879010300823138,-0.55255379851335,0.58056898604125,0.903237156981145
"chr12:43501060-43576734",12.1770928883281,0.371485094734042,0.445460804592063,0.83393441331889,0.404317943639814,0.865944412820686
"chr14:6608144-6622491",1.35019647969499,1.98495613773595,2.01110893184366,0.986995834142246,0.323644680840421,NA
"chr12:1793318-1793869",2.82812070771913,0.33839471961887,0.946790041146726,0.35741263100847,0.720782922224526,0.946854791937773
"chr20:5129033-5131408",12.314226305169,0.149411280182708,0.451193787201761,0.331146581404268,0.740533767730168,0.948776041121522
"chr19:37135068-37156898",6.95108265011447,-1.51404891218391,0.659951245379419,-2.29418297606735,0.0217799907484284,0.25682360934982
"chr5:167516581-167558250",6.93398225396974,-0.823419615658063,0.589494746966085,-1.39682265176391,0.162466908812097,0.677350595239973
"chr18:59190041-59209831",2.42479197086659,-2.21123867876327,1.30582056187325,-1.69337100619029,0.0903848701244982,0.53029065011399
"chr1:185263914-185267832",3.93268104681519,0.462216794510695,0.776608976739647,0.595173128761877,0.551727750202046,0.903237156981145
"chr20:18465901-18471939",0.204362223330072,-0.864529267836178,3.52826081804341,-0.245029863839715,0.806433308056728,NA
"chr4:125771760-125789911",1.62548633772392,-2.25463399486107,1.71911346343831,-1.31150970707407,0.18968561636215,NA
"chr2:166406958-166423542",1.85017004589354,1.10958678166426,1.4289073610367,0.77652814445524,0.43743720969708,NA
"chr8:118143941-118148793",0.742221026675519,-2.73208584532673,3.00398927430164,-0.909485885551934,0.363093704869686,NA
"chr17:54298407-54301447",18.3356193618346,0.135816775077565,0.35921558350552,0.378092658876749,0.705361761621988,0.944356291547373
"chr3:21721366-21745565",1.74503303052661,-2.12051367241522,1.55066142317782,-1.36748979546392,0.171471833649118,NA
"chr3:3413579-3414759",11.5166014453269,-0.170062500820768,0.461663937007287,-0.368368605794054,0.712598403134064,0.946854791937773
"chr8:60979824-61034811",1.49762088522387,4.36032680600922,3.41509691529437,1.27677981450005,0.201679993883385,NA
"chr17:80521386-80529452",14.8353545145411,-0.186703038973164,0.422305086463339,-0.442104641780989,0.658413485616526,0.928913526315867
"chr4:57387152-57396104",3.55571495840988,-0.538799491967333,0.858245335465442,-0.627791925807709,0.530140256119376,0.897055804749136
"chr15:52383307-52387851",1.70507157133288,-0.160021762297923,1.51162719609144,-0.10586060022715,0.915692954820843,NA
"chr1:259396273-259402838",2.11834125982825,-1.32421073428548,1.26204752351667,-1.04925583990339,0.294060384655009,0.819946716651511
"chr11:69636827-69640718",1.0884404511106,3.87609797897525,2.42965198549348,1.59533052557237,0.110638342897605,NA
"chr17:90327972-90334785",3.09765538332369,0.891101113767603,1.02160521118661,0.872255842090487,0.383068821612758,0.847517130202294
"chr19:34227324-34241861",1.54275018966461,-0.615510259653375,1.735519635494,-0.35465473686685,0.722848264110446,NA
"chr16:2138232-2166520",2.80777915645431,-0.71789268575723,1.02413934471428,-0.700971688532789,0.483320683738503,0.891574348704408
"chr1:259396273-259421082",1.63674419568426,-3.87188598227547,1.63453565505613,-2.36879872904486,0.0178459621209596,NA
"chr18:44523400-44532874",1.27660754611663,-0.499530437174811,2.08289393334836,-0.239825191853044,0.810465776530936,NA
"chr9:81216557-81222354",9.51669703050541,-1.1410445339418,0.580570344716332,-1.96538549432682,0.0493696370983018,0.401678377527815
"chr15:109125713-109168413",4.81753803782377,0.527481791037445,0.739125319440673,0.71365677397794,0.475439441664283,0.891574348704408
"chr9:66993271-66995647",3.71593253389072,-0.25084646244589,0.813284811869347,-0.308436182238932,0.757750453625801,0.951866267770906
"chr4:65585304-65613754",0.966397476477956,-1.33569664885317,2.45982247049443,-0.543005304193636,0.587126150413161,NA
"chr9:54232163-54257387",2.10488136132519,-0.534905407667199,1.31201164359115,-0.407698674230582,0.683494910917169,0.93559772637995
"chr12:40388299-40397763",22.9958014870239,0.614703724587403,1.59240830631363,0.386021425629473,0.699480800966096,0.941608770531283
"chr17:26968192-26969252",2.68373041006927,0.130606812342726,1.00651721753491,0.12976113082556,0.896755415949198,0.987210557820386
"chr8:94718121-94730732",2.76341774882982,0.272784880353361,1.13686095411842,0.239945684971555,0.810372363693785,0.96976106056395
"chr6:72418120-72421935",5.86124985812855,-0.060286709812277,0.613049084163884,-0.0983391238476441,0.921663012384895,0.988190455432406
"chr9:100584962-100588953",0.243850344135403,1.96009575073012,3.52690144366078,0.5557557482229,0.5783778404602,NA
"chr3:10659684-10663946",2.35447200877364,-2.78992405647356,1.38874238682397,-2.00895722845622,0.0445416699105035,0.387176620034621
"chr11:79763901-79778947",1.2750572783476,-3.50786710103912,1.83873055050919,-1.90776571372445,0.0564215040445847,NA
"chr4:56642814-56643659",0.768549323598302,-2.77893053385684,2.95042690660564,-0.941874048001379,0.346257128405796,NA
"chr14:106153575-106161579",4.71405003367826,-0.638411752794513,0.692038342122294,-0.922509222302158,0.356263022110816,0.841007582407382
"chr15:469053-543048",1.46202910605998,-1.98703227997123,1.6897135878669,-1.17595804060477,0.239611643645059,NA
"chr4:22084945-22091386",8.83440185000674,0.852589574026883,1.07673660955751,0.791827422285992,0.428461310480858,0.870796405151228
"chr17:70386828-70394646",0.541373742356679,2.87263644496371,3.47144171007511,0.827505308997844,0.407950714216544,NA
"chrX:64327389-64367255",0.204362223330072,-0.864529267836178,3.52826081804341,-0.245029863839715,0.806433308056728,NA
"chr8:46716191-46730691",12.9897089486902,0.278271769249974,0.430510167261165,0.646376765083838,0.518035384060051,0.897055804749136
"chr12:47286246-47286938",4.30695029172027,-1.03692901480136,0.816630804586509,-1.26976475657981,0.204168438179954,0.721314255917885
"chr5:103106261-103172127",7.11214605637404,-0.34337575417027,0.622364907177181,-0.551727371210078,0.581135154107473,0.903237156981145
"chr9:38014670-38022569",6.71977855221435,0.066885109315189,0.597448394226014,0.111951274723631,0.910862040748227,0.988190455432406
"chr17:79728108-79789485",0.898899118525831,3.63107922782834,2.7089884771133,1.3403819390541,0.180121204454014,NA
"chr5:75293219-75297323",1.37865033665999,1.44102048536631,1.82040439543364,0.791593609079944,0.428597674566365,NA
"chr9:94463647-94504892",9.42762927881727,-0.885158020680712,0.524921993393431,-1.6862658296302,0.0917446094635593,0.531928382413575
"chr1:20022792-20047889",2.4807911326702,-1.09050021016899,1.13413315872843,-0.961527490644609,0.336287009861091,0.841007582407382
"chr20:5090501-5090805",0.827609991119006,-2.87911133322965,2.84563010761351,-1.01176583897063,0.311650027140471,NA
"chr19:34249087-34272145",40.1890897682889,-0.980000849611255,0.265085424995676,-3.69692467862856,0.000218227055418822,0.0212771379033352
"chr3:59653911-59680308",3.29970757534301,-4.88309710096086,1.26233846407227,-3.86829462932478,0.000109599189124128,0.0149602893154434
"chr2:223285167-223304322",13.6722883161024,0.0292566225212717,0.426435026239667,0.0686074565198328,0.945302083410436,0.988190455432406
"chr3:44500847-44522988",1.71188254227096,-0.414851523133776,1.38297630041231,-0.299970088431808,0.76419997153976,NA
"chr2:183520240-183542215",7.00703654472844,0.299869505702214,0.567895415187626,0.528036497007359,0.597474004734047,0.911576821824109
"chr2:57131253-57179300",0.204362223330072,-0.864529267836178,3.52826081804341,-0.245029863839715,0.806433308056728,NA
"chr13:83634263-83660292",1.28886924563897,-1.06830471367481,1.89911393675354,-0.562527973177342,0.573756350267209,NA
"chr17:65735987-65781009",1.85699140712687,-0.978295205604842,1.46197044720849,-0.66916209385273,0.50339208370488,NA
"chr1:12128638-12158667",2.42580686497604,-0.873229414124455,1.36671477535855,-0.638925860661284,0.522871163668394,0.897055804749136
"chr1:198994747-198995342",5.23727241063683,0.307484142748406,0.656330629190525,0.468489704842263,0.639434431572255,0.927546428215114
"chr2:150838385-150846727",6.44275641197144,0.254438345438793,0.592569131857161,0.429381707145903,0.667645463995984,0.930208821516241
"chr10:66897863-66898928",2.16132105811932,-0.0798285346661574,1.2832753770242,-0.0622068622958173,0.950398097754232,0.988190455432406
"chr12:13353725-13355604",0.209215123788273,-0.864529267836178,3.52826081804341,-0.245029863839715,0.806433308056728,NA
"chr4:87090604-87100468",1.26036333706239,-0.445315644791024,2.09316992665818,-0.212747010703515,0.831524296788468,NA
"chr4:152921913-152925673",7.88505374526497,0.351696961372464,0.543334453941957,0.647293685907198,0.51744188724484,0.897055804749136
"chr18:6047215-6051719",6.57857675355353,0.36302828482882,0.666380426247354,0.544776332752108,0.585907358139991,0.905734477758876
"chr10:63840631-63841166",3.93528241746847,1.01181164987328,0.835599356176482,1.21088131817514,0.225940893501309,0.741368556801169
"chr19:56187917-56195289",4.21816371746463,0.591872290721893,0.72502160844062,0.816351242268344,0.414299274631462,0.869632712935665
"chr4:123873802-123876481",3.08904219222694,-0.166976121986358,1.01622909010615,-0.164309527853525,0.869487481490708,0.984990341532587
"chr14:44440261-44456717",5.24492327612386,0.995496659419278,0.64844705425924,1.53520114384126,0.124734427464079,0.589143576084663
"chr4:114879427-114880228",4.23745761380931,-1.12064880401652,0.8065575796145,-1.38942194871214,0.16470447986311,0.677350595239973
"chr9:20826561-20849380",2.28332327153859,-0.725910811309817,1.18213602269064,-0.614067076356904,0.539171003409497,0.899093917159841
"chr8:69162681-69164753",0.541373742356679,2.87263644496371,3.47144171007511,0.827505308997844,0.407950714216544,NA
"chr17:79335091-79352484",1.40557902456072,0.618505198912002,1.78987472799023,0.345557814320611,0.729675054224218,NA
"chr5:57335882-57336829",2.01218744975217,-2.6033120409912,1.56411960445377,-1.66439448337478,0.0960336217928784,0.534692886869162
"chr2:18514668-18531203",4.65503322975981,-0.236057151262772,0.78359451868439,-0.301249109882875,0.763224543789517,0.952286565148712
"chr6:22033342-22038870",9.41523806434142,-0.0500514948979998,0.551414393095114,-0.0907692935199941,0.927675909523024,0.988190455432406
"chr13:100885656-100893629",3.77791102752857,1.46068222150096,0.926254335365029,1.57697747339053,0.114800708466194,0.561717636329432
"chr11:84623876-84638229",0.412263244887155,-1.87291735839108,3.4566521785029,-0.541829857814118,0.587935720575091,NA
"chr1:276011500-276141673",12.192803614308,0.796478276608097,2.00306379777919,0.39763000933428,0.690902936403656,0.93559772637995
"chrX:4856245-4898806",1.40391287086945,-3.6430324349446,1.78590617513173,-2.03987896210499,0.0413623826161579,NA
"chr5:73937165-73976112",3.31194944687944,-0.287554722506267,0.944548732480824,-0.304436089550419,0.760795676291618,0.951866267770906
"chr12:8349428-8356308",4.56770284507288,-3.85718785258794,1.1319569226809,-3.40753943485116,0.000655514356471601,0.0331398924660643
"chr9:96769379-96775060",9.95566204717091,-1.64724053937369,0.582655163719155,-2.8271276767877,0.00469675974376229,0.103404468552186
"chr15:51925689-51944899",1.44791758704514,-0.0546223637466707,1.94584347332791,-0.0280713040362141,0.977605281112548,NA
"chr6:144189453-144275272",19.0636156977212,0.563036279680879,0.390977582069061,1.44007305150664,0.14984673242852,0.649335840523586
"chr1:219592036-219638528",1.54067080719654,-1.87982744875814,1.64897151515838,-1.13999995238098,0.254286320964425,NA
"chr13:113832448-113840267",1.71643726977509,1.95560663146007,1.76692022712223,1.10678829832921,0.26838546863741,NA
"chr5:7777226-7780390",4.7683705117086,-0.510028788821241,0.691133392744242,-0.737959985982011,0.460538765049533,0.889159001828305
"chrX:20517911-20536573",1.85871367990897,-1.05633165202232,1.43956056808617,-0.733787570624179,0.46307821701623,NA
"chr18:61335536-61340634",1.09431125604406,-3.29459319317675,2.42659110092844,-1.35770430869717,0.174557529057467,NA
"chr17:77176705-77178100",1.63674517432938,-0.64364359146452,1.64470016889903,-0.391344029529333,0.695542957805007,NA
"chr16:62023411-62026513",4.16513955863595,-1.1301635281602,0.797254677947717,-1.41756901454559,0.156316631865891,0.662686317614634
"chr18:63843748-63844188",7.00811265574764,0.791688186707452,0.578007888742544,1.36968405125018,0.170785549359943,0.687884800332602
"chr10:16724062-16730140",69.3655861697187,0.41323455200009,0.23060433407372,1.79196351039953,0.0731388113029457,0.467817877447452
"chr4:99489315-99494425",5.63951655397483,-0.360798132721215,0.62933826783425,-0.573297622537453,0.566443194882001,0.903237156981145
"chr17:5563519-5571375",4.09724331525133,-1.74231539397618,0.851984082333441,-2.04500932600087,0.0408539386803593,0.384652629842431
"chr2:113744312-113745181",1.71027338749108,1.35619135460051,1.40647891175417,0.964245779489899,0.334922717509761,NA
"chr2:28986099-29006321",0.822757090660805,-2.87029606067888,2.59380416234557,-1.10659706015865,0.268468178919314,NA
"chr14:106916021-106930939",3.00588173581,-0.884278555450055,1.10000120493809,-0.803888715285383,0.421461247859317,0.869846168564453
"chr6:125523808-125594377",5.08865683715491,-0.578283817784071,0.680925509656037,-0.849261497158751,0.39573580035929,0.857131333425047
"chr2:224794357-224803455",3.26162599935742,0.210133904839375,0.900867873555282,0.233257185662621,0.815561702536959,0.970568198747122
"chr2:113229566-113345579",0.679598201885514,0.281268594613412,3.20992568049157,0.0876246438734801,0.930175014535526,NA
"chr4:27509136-27563899",4.95184778118058,-2.32649250552319,0.913581259975896,-2.54656329704549,0.0108789479951676,0.17264344127198
"chr2:183520240-183534433",1.23562574941929,0.53197418062703,1.93361062314512,0.275119599706039,0.783224354015774,NA
"chr10:61882916-61897730",1.56191314481706,0.279336341939236,1.69145430350102,0.165145662735942,0.868829332739551,NA
"chr13:113832448-113844645",2.00679874190594,1.19251137224719,1.36964884579906,0.870669424433005,0.383934677748041,0.847517130202294
"chr19:38470146-38472268",1.70665747883032,2.36516016799467,1.65601087199204,1.42822743980514,0.153226405028151,NA
"chr2:188269009-188286112",9.03808223548751,-0.0265579136257722,0.500330287384786,-0.0530807634384674,0.957667558394545,0.988190455432406
"chr7:62929510-62949077",6.81128509855805,0.830318888866863,0.615502442309966,1.34900990116415,0.17733378586001,0.687884800332602
"chr4:8223840-8239403",13.7812340650077,-0.294515623124301,0.419456063887169,-0.70213700189473,0.482593728664637,0.891574348704408
"chr5:160138672-160148072",2.23629139422016,-1.38512744409385,1.31843636326717,-1.05058346590307,0.293449938140911,0.819946716651511
"chr15:837322-852690",3.23963203597767,-0.502559714220552,0.915245824121623,-0.549098068492001,0.582938150692763,0.903237156981145
"chrY:562326-562757",2.72506706534105,0.713772065354451,1.1217457382107,0.636304682104689,0.524577853814389,0.897055804749136
"chr15:25905491-25921639",1.85095469465193,-2.21706501152516,1.62244840351726,-1.36649338537906,0.171784155610666,NA
"chr5:113906799-113935267",1.14767964773834,-0.841225177817569,2.20260947360792,-0.38192207374811,0.702519166694765,NA
"chrX:119152559-119152714",8.76378271869894,2.13594008523702,2.51682565148239,0.848664302185165,0.39606811535112,0.857131333425047
"chr4:148048163-148052917",1.27648898709248,4.10950926475365,2.43633332022781,1.68675986599789,0.0916495355138795,NA
"chr2:141024600-141026192",2.16096849521017,0.328642791292741,1.30003232916246,0.252795860472537,0.800425966696274,0.963475700652922
"chr4:98988352-98989621",2.04201395666239,0.910884289846859,1.26179904363219,0.721893311334904,0.470360073874673,0.891574348704408
"chr18:14595550-14616707",9.15278799470785,-0.331664101933744,0.527094068632877,-0.629231330175998,0.529197620468395,0.897055804749136
"chr7:74258330-74259380",2.89632611267012,-0.584208590068213,0.956022588978862,-0.611082412490078,0.541145022554969,0.899093917159841
"chr18:44477275-44483422",1.14191231137115,-1.64404624410878,2.06163573239346,-0.797447491948601,0.425191186569715,NA
"chr4:26336094-26341599",1.13435141406721,0.791023122376291,2.23464145290997,0.353982121537312,0.72335228184081,NA
"chr1:140131618-140142798",5.36109656518571,-0.121850148058146,0.680304605236506,-0.179111161559439,0.857850418072304,0.984990341532587
"chr18:72571325-72597936",4.08704436703164,1.71861607485474,0.844841728724702,2.03424619833706,0.0419267787297974,0.384652629842431
"chr14:84892097-84893363",0.983822337127681,-3.1331731890519,2.1472180626934,-1.45917792118503,0.144516143999344,NA
"chr14:106551725-106621252",1.09043463357364,-1.44912148328625,2.30064093046082,-0.629877293800905,0.528774869822765,NA
"chr17:79367996-79391846",10.1576141562683,-0.651205855490514,0.497346187974249,-1.30936130855442,0.190411991168798,0.702465859311916
"chr4:96732982-96787475",42.173792133022,-0.467382187227284,0.255081275523726,-1.83228732202185,0.0669086249343312,0.449902822834296
"chr8:87543960-87550389",1.79822214040783,-1.30960587873617,1.60233719116895,-0.817309793440406,0.41375141147796,NA
"chr17:1626807-1630198",0.268991645144023,2.04079524312168,3.52318863342662,0.579246658484142,0.562422752052582,NA
"chr5:160187300-160188351",5.75576889343246,-0.0308295938519764,0.633762090417501,-0.0486453738999549,0.961201909602258,0.988190455432406
"chr18:48443339-48508708",30.28820411618,-0.545960922387297,0.283270100533013,-1.92735103831994,0.0539358970077516,0.411188859304775
"chr7:140828965-140855908",1.16504799400095,-1.67638244641565,2.05266517577708,-0.816685773304949,0.4141080235611,NA
"chr3:8887351-8892631",5.12817171414286,2.06689573779454,0.724973917209066,2.85099324090372,0.00435828959134242,0.10103498792289
"chr6:76616895-76626199",2.87751563204291,0.39875440724101,1.11717215450262,0.356931924622252,0.721142769346831,0.946854791937773
"chr3:11394659-11396393",5.01874418881928,0.830062959008545,0.708097721216827,1.17224351122346,0.241099303827684,0.753090502802719
"chr15:61664226-61683055",1.69093536064765,1.2458263305631,1.62080526130611,0.768646524233986,0.442103178576597,NA
"chr18:75203861-75207308",11.8970793045905,-0.887664935637498,0.452948352699386,-1.95974867851352,0.0500251724622219,0.401678377527815
"chr7:27108142-27134842",2.33622211612021,0.677909356931572,1.26603491483766,0.535458658356589,0.592332737670207,0.911537978489101
"chr8:118616528-118620855",0.446898465234285,0.473769188137221,3.52156603035385,0.134533666003592,0.892980591436167,NA
"chr2:34491471-34503654",1.28644279540987,-1.0646857498651,1.89356258306219,-0.562265942192062,0.573934839135648,NA
"chr1:161928871-161932898",2.21729460894755,0.0911467946651511,1.17690567198149,0.0774461342442957,0.93826864114279,0.988190455432406
"chr2:110186521-110194376",1.5321896449758,-0.308871063929209,1.70572646945751,-0.181078894805122,0.856305650245386,NA
"chr5:131765715-131787748",0.90375880649115,3.66238447862267,2.68265372370992,1.36520954838623,0.172187198151022,NA
"chr1:188510274-188530025",1.41637577677675,2.58916891342682,1.86257724696165,1.39010015163153,0.164498467267385,NA
"chr1:15488392-15526167",2.73259775352039,-0.0632413792547935,1.13549156700651,-0.0556951553779623,0.955584658962229,0.988190455432406
"chr1:163182618-163216364",1.57552425903037,0.105869883782062,1.82992941596601,0.0578546269918143,0.953864424962206,NA
"chr7:73834044-73848871",37.4054090448047,0.228639024749879,0.274366263967296,0.833335051634235,0.40465579310912,0.865944412820686
"chr8:122172478-122174075",0.983822337127681,-3.1331731890519,2.1472180626934,-1.45917792118503,0.144516143999344,NA
"chr6:132551396-132555729",1.4135889097115,2.08188400719758,1.95779223858391,1.06338352260679,0.28760806204331,NA
"chr10:48165219-48200848",4.00367196994991,0.553455242381952,0.857685961233712,0.645288913888542,0.518739975586201,0.897055804749136
"chr15:23840157-23853169",2.91250019592377,0.0938646653741868,1.04199408469073,0.0900817641417284,0.92822224040347,0.988190455432406
"chr2:187048486-187051162",1.31016405339835,-0.471401338696042,1.86301637563508,-0.253031237331635,0.800244074551736,NA
"chr2:29697478-29700175",0.656113589022558,-0.533035503065437,2.98432485835842,-0.178611755879232,0.858242563075863,NA
"chr8:70317585-70324895",3.08983047540415,-3.14532551456906,1.2370591541315,-2.54258295091578,0.011003647905247,0.17264344127198
"chr1:241126635-241139602",1.5116282717957,-2.13576312471392,1.78005597130532,-1.19982919590318,0.230205682789262,NA
"chr16:3060713-3064512",24.830189384603,-0.380486506453413,0.304502558061985,-1.24953468002052,0.211469577309077,0.728929224815379
"chr4:6306138-6317357",4.67782331808283,0.752426653911891,0.740497622760399,1.01610947933502,0.309577255494123,0.831836523128894
"chr18:59190041-59192425",4.41109803569122,-0.582443168941594,0.760498303720936,-0.76587043796395,0.443753397312158,0.875934206247928
"chr4:33929479-33934304",1.16255324017428,-0.385900855122847,1.9991842007781,-0.193029164082355,0.846936127955515,NA
"chr7:138002505-138021168",2.10837600689725,1.01292455839547,1.25772902141394,0.805359931391849,0.420612006794454,0.869846168564453
"chr17:43258446-43290432",4.28651815315596,-2.70053686666671,0.971801502949515,-2.77889760251482,0.00545437159593531,0.114005249346003
"chr5:122655270-122678330",1.6492547337819,-3.87155212228496,1.77103003076417,-2.18604543967809,0.028812281069516,NA
"chr2:252807923-252811538",3.61868073318096,1.14629139637624,0.849835445610449,1.34883923975757,0.177388607851338,0.687884800332602
"chr19:34298523-34312530",5.83248594736246,0.0237339299990515,0.647616753861539,0.0366481099470225,0.970765583083187,0.988190455432406
"chr9:81232085-81233665",0.616625468217227,-2.45446965435335,2.981982591513,-0.823099927323183,0.410451170141283,NA
"chr14:4178531-4182331",4.21709819039559,0.571348462947403,0.738127606197028,0.774051069422939,0.438900591410892,0.875876180227876
"chr3:54547246-54554495",1.99503412512023,-1.42121742726154,1.43529738499876,-0.990190215711129,0.322081154007002,0.836168895446201
"chr12:30068980-30083826",3.22525545522267,-1.18927365060477,1.02622844713857,-1.15887807819089,0.246505885731195,0.761268176522807
"chr8:109192353-109216053",1.22873658150429,1.33142260343498,2.09803162659241,0.634605592479775,0.525685679832634,NA
"chr1:77847267-77855727",0.611115516643431,-2.44327625194627,3.28926496030641,-0.742803112984448,0.45760089051238,NA
"chr2:188269009-188301124",1.34662160246225,-3.58930330373332,1.94957358614424,-1.84107095481943,0.0656111614032825,NA
"chr9:66885432-66889912",1.98449883941988,-0.0413456482085337,1.29534613500226,-0.0319186100852198,0.974536957498839,0.988190455432406
"chr2:225348168-225352508",1.59718874992648,-0.596832459493629,1.66031769785354,-0.35946882952896,0.719244392071051,NA
"chr2:198276002-198284858",1.386189305924,2.5195209189251,1.89447758914778,1.32992912313019,0.18354162487197,NA
"chr4:168219620-168221653",34.2008363222069,0.285613165845462,0.273968662237525,1.04250304948324,0.297178512382383,0.821151152635533
"chr4:66322916-66349158",1.85472340225132,-0.925586141605764,1.53137264732158,-0.604416007576368,0.545567095815655,NA
"chr20:14319170-14326640",13.2430318662291,0.405262185413761,0.42753169631433,0.947911438865118,0.343174541100019,0.841007582407382
"chr3:67741683-67746121",1.44905429005869,0.151477490091328,1.6350094352558,0.0926462482876309,0.926184600902565,NA
"chr8:85452642-85455670",0.744421863455561,1.38087372706997,3.09467285018138,0.446209920699383,0.655445617393594,NA
"chr11:34879058-34932316",1.16659831549745,-1.57918232052821,2.03469631520991,-0.776126790383111,0.437674126843527,NA
"chr2:113744312-113761334",1.79793256567904,1.44830375191651,1.4440983276636,1.00291214536597,0.315903252066459,NA
"chr3:150814608-150833140",0.406096242197765,-1.85312761238262,3.45765304318415,-0.535949555735665,0.591993414045526,NA
"chr8:70339051-70352964",1.88150229477775,-0.241248520181551,1.55101484448838,-0.155542367011406,0.876393756300366,NA
"chr17:55289395-55290249",0.819673589316109,-2.86538413804104,2.60483769822262,-1.10002405907907,0.271321639385969,NA
"chr2:62481428-62490107",1.32541447455362,-0.596738189748098,1.86966626588287,-0.319168292564938,0.749598899402186,NA
"chr8:45603210-45619713",2.02349425732172,-1.22267547512564,1.4049342223341,-0.870272398300854,0.384151559209684,0.847517130202294
"chr6:25599319-25605180",0.569073362499352,0.762982823833397,3.47478630966825,0.219576905120892,0.826200679502266,NA
"chr8:119844188-119861690",1.76031174213086,2.98801887550226,1.7962950002932,1.663434388569,0.0962255142557241,NA
"chr2:247853847-247883725",10.8289387338319,0.0197109355674043,0.462892864937812,0.0425820682503983,0.966034689986876,0.988190455432406
"chr20:50659751-50687868",8.41558959514939,-1.66895397691294,0.593796834317018,-2.81064815515994,0.00494418201543853,0.107123943667835
"chr17:36113611-36121325",2.11275197374257,4.86239814264729,3.40581035482909,1.42767730321593,0.153384761915136,0.66053247607824
"chr5:142152201-142154418",7.49544611461529,-0.603910084568522,0.620596054966178,-0.973112993123095,0.33049714707578,0.840090513516648
"chr7:37119218-37166449",0.900033120582532,-3.00275951886328,2.46774419229361,-1.21680339811575,0.223679026831537,NA
"chr2:174336860-174342089",0.616625468217227,-2.45446965435335,2.981982591513,-0.823099927323183,0.410451170141283,NA
"chr15:70790038-70803614",4.44892852890008,-1.32070895992407,0.830606983206125,-1.59005280069541,0.111822903817558,0.555048231676242
"chr17:79623091-79644806",1.79293270585802,0.359838403520551,1.34404701971003,0.267727540959232,0.788909048827612,NA
"chr11:89316354-89341959",2.07694259714024,1.40602237867942,1.34580739111463,1.044742648883,0.296141927699044,0.819946716651511
"chr17:5532157-5571375",7.42340480996178,-1.63777892820796,0.600063267529457,-2.72934374895321,0.00634605148261467,0.121934785969408
"chr11:71069746-71074618",7.81122317326545,0.850084763788978,0.564053832935674,1.5070986387321,0.131785375679126,0.609786568820363
"chr10:59423266-59441831",6.35970090452512,-0.466453137408231,0.682793207667814,-0.683154331604255,0.494509326680512,0.891574348704408
"chr2:45778706-45813991",2.00530252600653,-0.193566248860734,1.36243270046233,-0.142073989265707,0.887021563300214,0.985438020796969
"chr10:94292693-94314584",3.09176788500352,-0.0426468626062987,0.945737725894481,-0.0450937521456736,0.964032581423991,0.988190455432406
"chr10:48452001-48522898",0.988566124637597,-3.13971628975512,2.35445921756038,-1.33351908002399,0.182361518339116,NA
"chr10:48452001-48470732",4.30753940156209,1.36719061217065,0.852861567159,1.60306275346062,0.108920800182197,0.548623218629885
"chr5:92962208-92983896",4.97088261776669,-2.29038196052686,0.818032026980602,-2.79986832420336,0.00511234559196104,0.109036745828544
"chr11:24479964-24498116",6.14285746948543,-1.28200992639835,0.70546970880949,-1.81724305152917,0.0691799056055775,0.455018770523407
"chr2:189383399-189395748",2.77272670227646,-0.967049215646213,1.0260310510116,-0.942514570775187,0.345929254774367,0.841007582407382
"chr9:98245065-98252082",3.27386765696578,-2.05497123536497,1.9789586625961,-1.03841038936566,0.29907903472699,0.824021233627479
"chr11:34879058-34922336",1.91647697981242,-2.44582352153105,1.61116382606449,-1.51804768823872,0.129002377182537,NA
"chr6:91938501-91961861",3.81833973096945,0.311267737049559,0.831409871924846,0.374385423556404,0.70811758606128,0.944848978468864
"chr6:24430679-24436282",0.268991645144023,2.04079524312168,3.52318863342662,0.579246658484142,0.562422752052582,NA
"chr18:63784568-63786264",5.85089014918958,0.656880409495132,0.68739250693903,0.95561182710622,0.339268383967133,0.841007582407382
"chr14:2977679-3011669",2.94261975845501,-2.05950662104063,1.12832318409815,-1.82528077953726,0.0679586691189655,0.452505284621405
"chr12:9309987-9313769",18.5169660807638,0.142112283672468,0.345562997595267,0.411248555723301,0.680890287481683,0.934746035338775
"chr3:63497187-63500729",1.31047532911191,0.32163322449501,1.86752019107888,0.172224764172001,0.863260829765567,NA
"chr3:82716131-82725485",0.912842224957024,3.6483081045019,2.6800033942781,1.36130727009196,0.173416606464211,NA
"chr10:574395-593608",4.66667874260469,-0.627735845891973,0.822251961776651,-0.763434902040995,0.445204071659882,0.875934206247928
"chr4:155716221-155718729",1.53712210105703,-1.00145035169597,1.70761617882785,-0.58646103504559,0.55756573879994,NA
"chr5:74785868-74786848",3.31207405602252,0.705392394343017,0.92298977722228,0.76424724493253,0.444719916916005,0.875934206247928
"chr4:96744220-96767151",3.91824839056883,-0.0971119413935666,0.861774325494749,-0.112688366919976,0.910277624352526,0.988190455432406
"chr2:34491467-34534125",3.25089117176385,-0.602505500595168,1.00224656234319,-0.601154968480556,0.547736774486434,0.902022852568027
"chr14:92057227-92077028",4.16420905530298,-1.01237242707672,0.826279272480437,-1.22521822922853,0.220493007912333,0.741368556801169
"chr1:28362167-28391305",1.83451391111472,-0.0231310072232996,1.43446837408963,-0.0161251426947488,0.987134555151514,NA
"chr6:28235696-28272697",3.87434748129318,-0.924814867798832,0.839504369332603,-1.10162007677703,0.270626876285997,0.79271606465748
"chr3:94396940-94398038",44.2360250156454,0.0973009206762632,0.274024752798821,0.355080771654589,0.722529081277214,0.946854791937773
"chr6:53883229-53890985",1.31780900067211,2.59714279503794,1.92192659711597,1.35132257336737,0.176592124070853,NA
"chr10:48109533-48125139",1.66780098770507,0.326336127215265,1.62360639735593,0.200994605433132,0.840702792235877,NA
"chr15:39638281-39649001",1.41588713544974,-0.189132201344605,1.77575554509792,-0.10650801675192,0.915179295142183,NA
"chr9:92360876-92382401",0.929134051668447,-3.04610672035744,2.66589015042507,-1.14262274455373,0.253195258017082,NA
"chr4:131403367-131453028",0.406096242197765,-1.85312761238262,3.45765304318415,-0.535949555735665,0.591993414045526,NA
"chr10:1484236-1485251",1.17654753171828,-0.410144629711613,1.98738923361162,-0.206373579354795,0.836499107233344,NA
"chr9:67242046-67257543",4.22544306815193,0.586344434571596,0.788002970428447,0.744089117142279,0.456822562775213,0.885742611062735
"chr8:65282796-65283243",2.001379374455,-1.53745322511827,1.50452546303292,-1.02188581243349,0.306834948132395,0.831836523128894
"chr5:36566782-36596726",0.988566124637597,-3.13971628975512,2.35445921756038,-1.33351908002399,0.182361518339116,NA
"chr8:39790059-39807952",1.44834741724497,-3.69459063270003,1.74394847633123,-2.11852051986788,0.0341310089563948,NA
"chr6:871525-907083",6.2475609741293,-0.441136372091271,0.611358520930406,-0.72156738965529,0.470560494523456,0.891574348704408
"chr17:79373151-79561626",3.77518380395364,-0.380294924930534,0.828892457540832,-0.458798872484372,0.646378604520358,0.928913526315867
"chr2:128562842-128636642",10.9015292413874,-1.0122892117541,0.506535043762828,-1.9984583973386,0.0456669859528015,0.387176620034621
"chr15:51896716-51944899",3.10631027157177,-0.740973330192502,0.981190400510961,-0.755177924495221,0.450142232369264,0.878445961333827
"chr12:29985632-29988732",5.85907038120756,-0.46041060766621,0.681772109176319,-0.675314524412643,0.499475957988128,0.891574348704408
"chr14:60538626-60539431",1.43161407274287,-1.95622239613273,1.81954755925704,-1.0751147372765,0.282323362178102,NA
"chr10:11626519-11627228",5.04371468380894,1.84684753919926,0.737789451099743,2.50321760015187,0.0123069851804233,0.181429580086917
"chr15:25331703-25333342",3.36914350945661,-0.44082359659859,0.890832821605572,-0.49484435901686,0.620709989276335,0.917951392591762
"chr6:144211592-144225627",1.96693152137717,-0.879387401709762,1.50986425066999,-0.582428123137257,0.560278343022186,0.903237156981145
"chr10:62566642-62575768",2.88779961167261,-0.365978259402214,1.03934409740026,-0.352124248665716,0.724745083724029,0.946854791937773
"chr11:87898055-87899561",6.29237785775785,0.40995634992054,0.610571995332968,0.671429991965117,0.501946643959065,0.891574348704408
"chr1:267063007-267092775",2.74830977733588,-4.61612552272442,1.31330964431212,-3.51487978689308,0.000439953092561148,0.0291045617924774
"chr13:98386342-98399944",1.02497162792523,-3.19897681968378,2.3040872608551,-1.38839221674989,0.165017645130714,NA
"chr6:136059672-136091144",1.1372924406907,-1.24162487143302,2.06599875420108,-0.600980455050254,0.547853004273267,NA
"chr19:43205060-43206857",0.768549323598302,-2.77893053385684,2.95042690660564,-0.941874048001379,0.346257128405796,NA
"chr11:79361488-79399831",1.81059874441223,-4.01797575938501,1.7160181558477,-2.34145294191259,0.0192088473331531,NA
"chr5:7725207-7751246",0.408724446660144,-1.86160677445411,3.45722256541783,-0.538468883396613,0.59025338178926,NA
"chr6:19003638-19027905",3.13778538599938,-2.69619980637804,1.15089718112321,-2.34269390055045,0.0191450829717936,0.241972576449058
"chr19:30869716-30883569",1.76016400775594,-0.938253346283467,1.4868493531555,-0.631034572730744,0.528017919179994,NA
"chr2:2857571-2865574",1.16373477559676,-3.37725309680467,2.12544668780237,-1.58896156567287,0.112069070176297,NA
"chr9:69896362-69899911",1.09494308564524,-3.28622520923829,2.22628757042343,-1.47610095519388,0.139916792523945,NA
"chr11:34861207-34879143",10.2409761955284,-0.0684688925926197,0.486941063846178,-0.14061022508927,0.888177870044904,0.985660807001052
"chr20:8006289-8019015",1.02646226287528,-3.18929074499091,2.28594644882909,-1.39517299131156,0.162963679514041,NA
"chr8:64724416-64749357",4.70635662131957,-0.321777810765022,0.692444564577396,-0.464698298211648,0.642147527225848,0.927546428215114
"chr9:11209034-11219449",9.39971488567874,-0.717224031960805,0.513449672636416,-1.39687309230925,0.16245173741354,0.677350595239973
"chr7:41167312-41167751",0.76440329595382,3.394068364235,2.95985496734009,1.14670090314767,0.251505257088514,NA
"chr1:90116534-90126552",2.12914116233753,0.0781197537084119,1.43814271268609,0.0543198898268615,0.956680303156506,0.988190455432406
"chr1:265518157-265524404",5.21938327691144,-0.560950316808639,0.694910989907211,-0.807226141125701,0.419536207559093,0.869632712935665
"chr7:60397574-60408823",10.5661159578558,-1.27399506356975,0.50588660234777,-2.51834118092329,0.0117909045234238,0.181429580086917
"chrX:111157460-111163744",0.78617505465431,-2.80988301157123,2.65133423126582,-1.05979962029522,0.289235769604859,NA
"chr4:131372279-131382968",0.941468057047228,-3.06494664872876,2.93888149123297,-1.04289562470343,0.296996636251322,NA
"chr7:26522315-26526603",5.29024010426799,1.07033295261306,0.711030594689347,1.50532615699989,0.132240243499382,0.609824095867082
"chr10:95288570-95299099",2.39878686516083,-0.834035630532974,1.23731427138395,-0.674069353132165,0.500267222552561,0.891574348704408
"chr17:84855705-84888911",0.412263244887155,-1.87291735839108,3.4566521785029,-0.541829857814118,0.587935720575091,NA
"chr9:53915311-53926159",0.378107659109761,-1.75888500344564,3.46260793108821,-0.507965394422482,0.611477612224926,NA
"chr4:58714647-58725647",77.7010863569525,0.133268369986382,0.208854324464089,0.638092461472094,0.523413493521789,0.897055804749136
"chr18:29409770-29412096",1.75207755042317,2.2460980154682,1.60735011332923,1.39739189168685,0.16229575608509,NA
"chr17:10096739-10124159",2.00063179294402,-0.336860970625079,1.29480458941086,-0.260163559335506,0.794737612048436,0.959320979318533
"chr10:18396548-18408534",2.37054656661272,-2.79802480561357,1.35580503528179,-2.06373684475366,0.0390426739384984,0.384652629842431
"chr13:113832448-113847832",5.32566011849237,0.336497911100865,0.722217416264508,0.465923285042498,0.641270413285459,0.927546428215114
"chr1:157422218-157440238",2.65520916948776,-1.07931675596801,1.1720764780256,-0.920858643785905,0.357124232746632,0.841007582407382
"chr1:247922780-247960553",3.83478976453128,-0.755188102008561,0.809559267623394,-0.932838560696798,0.350903328361433,0.841007582407382
"chrX:51958187-52025855",0.780774216028799,-2.80049294301754,2.66003615903114,-1.05280258447222,0.292431480225544,NA
"chr2:154520979-154532393",4.25108385957115,1.58893704175947,0.773054125340998,2.05540206005444,0.0398401866949951,0.384652629842431
"chr7:64953167-64961215",1.05817872538611,-0.6592849397579,2.30816421672082,-0.285631730611671,0.775160197964221,NA
"chr7:109055032-109071915",2.4197715444468,-1.36314444529876,1.18535272286636,-1.14999056314856,0.25014775807534,0.767307168028853
"chr16:71106269-71107647",0.403487467716034,2.49800990792293,3.49703743092972,0.714321752987018,0.475028244104806,NA
"chr7:140415139-140417547",1.29490956787155,-1.2353819750361,2.06814464750392,-0.597338284112336,0.550281549080849,NA
"chr4:131415405-131453028",0.973272622473962,3.73125968355897,2.59333903040374,1.43878592031913,0.150211186753203,NA
"chr14:5990330-6026568",0.268991645144023,2.04079524312168,3.52318863342662,0.579246658484142,0.562422752052582,NA
"chr2:227293654-227302440",5.33498497333928,-4.01949934365976,1.11948921004058,-3.59047618110948,0.00033007439415306,0.0237132393694172
"chr4:64889575-64899587",8.82228694569861,-0.170728427920828,0.508108515340186,-0.336007806927862,0.736864979329457,0.948776041121522
"chr1:166342480-166368428",1.71813539873823,-0.528929028280797,1.66618776526254,-0.317448632926106,0.750903210210109,NA
"chr7:73808151-73848871",19.6250894138936,0.40134270701558,0.340191000209117,1.17975697995794,0.238096884216684,0.751590562386689
"chr10:62566642-62581037",3.16290594901916,0.149919980579688,0.938757556478505,0.159700424827548,0.873117066234028,0.985030940445168
"chr1:207005330-207016489",1.51706224843781,-0.107876641854841,1.59428705021705,-0.0676645036037609,0.94605270654379,NA
"chr17:79382994-79566717",1.78569375748705,-0.0980968048914913,2.94499732255494,-0.0333096414520292,0.973427665260618,NA
"chr14:43400193-43421044",0.360915828237786,2.25488764372646,3.51414447328908,0.641660484042647,0.52109365188249,NA
"chr4:158160946-158166045",1.28270224294958,-1.05238712656303,1.76629808868033,-0.595815130700453,0.551298734581294,NA
"chr1:143143055-143143524",4.25013284448295,-0.0265820050284413,0.719788355290465,-0.0369303071285646,0.970540574629592,0.988190455432406
"chr8:117318623-117334586",13.4404653556904,-0.0647941983924779,0.442362477402965,-0.146473088705158,0.883547932879129,0.985030940445168
"chr10:57610281-57611309",2.29386783150189,0.296810998030403,1.26252941800716,0.235092342243324,0.814137062163114,0.970568198747122
"chr19:2506536-2531261",1.20929704396451,-0.280622105114371,2.12259961334161,-0.132206801202883,0.894820721762322,NA
"chr3:82723344-82725485",0.793454405341611,-2.82197465409606,2.63966255589994,-1.06906644100725,0.285039732050995,NA
"chr12:51582921-51592889",1.90088474911473,0.627625403640171,1.51115468166696,0.415328365292054,0.677901539066623,NA
"chr10:67695779-67706482",1.28709530815637,1.63748439426095,2.07407534993107,0.789500918718004,0.429819293023002,NA
"chr6:2599223-2605598",3.23996740934637,0.897355962405953,0.904884261962375,0.991680372979307,0.321353468317791,0.836168895446201
"chr1:2839790-2849731",3.25171645848287,-0.563921044541224,0.882660086289083,-0.638888121600791,0.522895715911553,0.897055804749136
"chr5:144910322-144932532",1.66728454604348,-0.109832553082908,1.52329861235569,-0.0721017876547908,0.942520903587641,NA
"chr6:136430192-136436620",2.44774745449735,-0.278317579530843,1.14956023706094,-0.242107869216503,0.808696580816504,0.969157886579919
"chr3:51187491-51187918",0.715267781655252,-2.67063014268039,3.40106700741383,-0.785233027417221,0.432316954408993,NA
"chr18:36640589-36645658",3.75151473961096,0.924183340286217,0.911635938633136,1.01376361014452,0.310695563181827,0.831946679801081
"chr2:57320683-57321619",1.72961426504832,-3.94212508967888,1.75782199002909,-2.24261905473924,0.0249213904236318,NA
"chr14:113812793-113857380",1.42818612301158,-3.67582035890809,1.89229771456109,-1.94251693622146,0.0520745516732528,NA
"chr2:123163417-123166765",2.23818575706889,-1.56358968527457,1.28437955037168,-1.21738911587474,0.223456202204007,0.741368556801169
"chr7:123709341-123715127",6.86863505231219,-0.340134452110398,0.611530205364724,-0.556202210661922,0.578072628159458,0.903237156981145
"chr4:168514863-168517342",28.1751451333272,-0.407015359197891,0.276222135279015,-1.47350739572974,0.140614271115685,0.627931900031932
"chr1:216560642-216566201",1.95276771814671,-1.50564920831852,1.42243586253082,-1.05850059604069,0.289827279178292,0.815285250339026
"chr17:52410841-52555114",1.09074723630263,-3.28122497755133,2.21647755203096,-1.48037816784778,0.138772353022777,NA
"chr4:150711832-150749902",3.96921093639197,-0.774875274986352,0.786744088452827,-0.984914009980278,0.324666311052371,0.836168895446201
"chr17:79573257-79575914",2.778373176754,0.664316262468119,1.05197128397884,0.631496574655055,0.527715888202684,0.897055804749136
"chr9:73766839-73799430",33.8305637782914,-0.39801830053085,0.255762168195542,-1.55620474810233,0.119659412682191,0.573105608109439
"chr8:85259981-85263858",0.209215123788273,-0.864529267836178,3.52826081804341,-0.245029863839715,0.806433308056728,NA
"chr9:73798311-73799430",61.4306966165654,-0.573559250842333,0.225370281148602,-2.54496399400658,0.0109289006760353,0.17264344127198
"chr17:27440591-27442626",1.201757966424,-0.335542782351167,2.14303260224445,-0.156573811336209,0.87558074346541,NA
"chr1:244630341-244641499",2.10949132327159,-4.22912302566957,1.47748050970472,-2.86238836850361,0.00420461345896676,0.100689427569993
"chr17:79609613-79644806",6.12811599324151,0.338380552831976,0.616297496308985,0.549053914478871,0.582968450769515,0.903237156981145
"chr9:100583715-100588953",0.627645371364819,-2.4797052963836,3.43167492117139,-0.722593297251235,0.469929787421268,NA
"chr8:117318623-117325025",8.85430440281102,-0.787214716764358,0.521087943206081,-1.51071374233088,0.130861399594449,0.608566347678561
"chr6:73357940-73361828",1.81443193815751,-4.02086716356736,1.71300275356207,-2.3472625220282,0.0189119245961068,NA
"chr8:63433246-63436674",0.741031411386928,1.42779444784157,3.09083485795666,0.461944592143457,0.644121054989012,NA
"chr10:35815476-35819778",15.1644600094431,0.380966360162113,0.395686833533049,0.962797666933977,0.33564907179171,0.841007582407382
"chr19:22158621-22179584",12.1650700058123,-0.540596567670703,0.443967462511116,-1.21764906962561,0.22335735887987,0.741368556801169
"chr1:255685048-255694514",1.44797601179652,-3.6837374012208,1.90313264668137,-1.93561778662375,0.0529145302950842,NA
"chr18:48443339-48531023",13.3855600156632,-0.361140784856608,0.442192992931625,-0.816703997189865,0.414097606484178,0.869632712935665
"chr12:40816701-40823128",1.68449192683773,-1.18468465049561,1.65288700898198,-0.716736621473761,0.473536624744682,NA
"chr6:27573046-27582987",3.3147468632384,1.61247398995479,0.973942654062093,1.65561492068299,0.097799826620771,0.534692886869162
"chr3:54509941-54548558",2.26362526545732,-2.18055949553819,1.32498498096814,-1.64572393412708,0.0998206090790854,0.534692886869162
"chr12:9256476-9313769",19.0462484298108,0.614042280438356,0.359127223706661,1.7098182479753,0.0872994875406267,0.522340711369482
"chr12:8459496-8461189",2.26599780743803,-1.59868604980941,1.29238311877771,-1.23700629216001,0.216084746663502,0.733720595014132
"chr1:204959173-204980121",1.83752708953279,0.679266472880684,1.42989197186973,0.475047406548115,0.634753183946408,NA
"chr17:84888802-84904355",1.1753592261169,0.973279476686906,2.15268011677617,0.452124525656176,0.651179276206147,NA
"chr4:10770203-10777395",0.811011832800044,-1.00311752994683,2.69019520461551,-0.372879086330169,0.70923843800609,NA
"chr5:14282912-14297862",2.17093082615928,-0.17921535084716,1.13292120794942,-0.158188715675593,0.874308095384584,0.985030940445168
"chr1:2425879-2452054",0.306543334995108,-1.44531416743121,3.48156347565664,-0.415133654042775,0.678044064140115,NA
"chr16:62023411-62056753",20.3625444338518,-1.01970864711138,0.358678883477377,-2.84295701276123,0.00446970985331168,0.10103498792289
"chr1:56366809-56370833",2.19964627463551,2.76831581411243,1.46055304976667,1.89538874644416,0.0580409184920689,0.425945450224054
"chr11:53545477-53563559",0.466951530346389,-2.06366560470385,3.44766407909229,-0.598569221757584,0.549460185606783,NA
"chr13:89211389-89229970",3.45404534430041,0.59837254226227,0.947953522934513,0.631225611578435,0.527893018002043,0.897055804749136
"chr1:164046102-164064815",21.1285362441699,-0.106466256921447,0.331768529775647,-0.320905231709118,0.748282209125696,0.94926135265481
"chr9:2205172-2246426",0.313822685682409,-1.475308488668,3.47957196328698,-0.423991371419818,0.671572106066012,NA
"chr19:39543248-39575438",0.851226192145541,-2.92884194883598,2.54764344064133,-1.14962788831183,0.250297166653367,NA
"chr16:7438795-7463395",9.69198296084236,0.0883170080801526,0.506737035021187,0.174285678717878,0.86164095372458,0.984990341532587
"chr16:9650675-9658531",0.921197649865551,-3.03384848281344,2.44916392128438,-1.23872822739543,0.215446161459302,NA
"chr1:244630341-244728217",2.45453434790358,-2.74339664084412,1.34168632716386,-2.04473771946628,0.0408807228023836,0.384652629842431
"chr20:32513668-32537033",6.84190733930844,-0.721381405107391,0.595607741778461,-1.21116861737454,0.225830787660539,0.741368556801169
"chr8:111353572-111367041",1.29622367010274,-1.22193562454149,1.913213806453,-0.638682211271983,0.523029687289383,NA
"chr8:130762665-130768360",15.8342515976196,0.517436439798198,0.387184470760962,1.33640804028437,0.181415939743381,0.689784840528456
"chr7:18434705-18435878",0.681019554592863,-2.60329547081004,3.13509052247096,-0.83037330250937,0.406327755236292,NA
"chr1:31714405-31718649",0.917001800522945,-3.02856417441977,2.68478040944659,-1.1280491185661,0.259299175784006,NA
"chr10:93451477-93483645",3.23890841681194,-0.554823560817951,0.969559626377296,-0.572242846879895,0.567157463510345,0.903237156981145
"chr1:201523375-201524041",4.31643609479342,-0.191049896694993,0.728796702538601,-0.262144293503954,0.79321019916775,0.959320979318533
"chr19:25866615-25886887",2.01906377044456,0.0650560404145379,1.35497491356157,0.0480127268508146,0.961706099745118,0.988190455432406
"chr2:188485333-188486213",1.96322387017314,1.5007272345262,1.51678038554672,0.989416298382093,0.322459503540773,0.836168895446201
"chr4:131391541-131453028",0.776376612452914,-2.79307828537806,2.66718518100114,-1.04720073629445,0.295007005782328,NA
"chr17:84872804-84922765",2.19756903044434,-4.28924954816271,1.42659672115937,-3.00663073491217,0.00264160436723328,0.0752834627547139
"chr20:27538479-27544812",2.52741277424942,-2.79918362422962,1.31806401836476,-2.12370839748921,0.0336945347619431,0.359320624609784
"chr18:77512807-77520779",7.69188569504703,-0.0661798236131099,0.548090226522913,-0.120746220988021,0.90389204774561,0.988190455432406
"chr8:100006687-100026871",2.85905418295584,0.852764464183634,1.1169364167474,0.763485236399534,0.445174063752542,0.875934206247928
"chr13:60462943-60484400",1.42372021583812,-2.05124091711806,2.00888417286843,-1.02108471201162,0.307214305577629,NA
"chr6:104798968-104831076",12.8693381932997,0.103283453377595,0.97491654616598,0.105940814917723,0.91562931064363,0.988190455432406
"chr18:69647502-69657373",12.1373326423208,0.0890386799113306,0.453251906309206,0.19644413773428,0.844262552293187,0.980781603302298
"chr9:119750465-119765191",1.29025842164663,-1.23105657116325,2.0915217721031,-0.588593715630019,0.556133850598741,NA
"chr5:148050939-148057784",3.24324500812338,0.782145746114032,0.969047320674767,0.807128536890653,0.419592432581888,0.869632712935665
"chr17:76245627-76265943",25.3357068560134,0.722398775960472,0.974701695635383,0.741148578273027,0.458603357897883,0.887678341896174
"chr17:5569747-5571375",2.52972066545438,-0.487291826542206,1.21656439198269,-0.400547500611986,0.688753304698496,0.93559772637995
"chr6:21283827-21323737",1.5004048788674,-0.84985199014903,1.60159254568328,-0.530629336680923,0.595675662154703,NA
"chr19:54786578-54790907",2.97928694073907,1.25918731663731,1.09751589180204,1.14730668233862,0.251254893215881,0.768681902430027
"chr10:86222510-86227004",4.79251487105387,0.531034498685704,0.731670334513726,0.725783831373502,0.467971300401347,0.891574348704408
"chr9:1875552-1880538",0.413577347118345,-1.87711477147788,3.45644161565523,-0.543077239602682,0.587076622800009,NA
"chr12:9233368-9240810",1.89784921873412,0.586037842882941,1.5351124213549,0.381755651723343,0.702642616553049,NA
"chr4:28488037-28514174",0.896637016508841,-1.06142782235464,2.81218429291962,-0.377438927109808,0.705847442733771,NA
"chr14:42803980-42809348",4.16495942789753,-1.33572344226744,0.856202446791943,-1.56005562384479,0.118746737033798,0.570736957926529
"chr11:70570466-70585055",8.63647612514681,-0.699760595520202,0.575560903870795,-1.21578896484131,0.224065323580039,0.741368556801169
"chr13:96986684-97023051",0.998413923482582,3.76542716385761,2.55694882391306,1.47262515723531,0.140852137469926,NA
"chr4:89120376-89134337",1.67213744650168,-0.109614355854392,1.63808067648328,-0.0669163353356425,0.94664830846943,NA
"chr19:25886356-25886887",678.297445609079,0.18017141364662,0.112139158279767,1.60667706455514,0.108125227396506,0.548623218629885
"chr11:62059611-62067655",1.29930530897531,-3.53203990050579,1.8654548008051,-1.8933934496732,0.0583055658820794,NA
"chr5:73961475-73976112",3.89093844439458,-0.21403931359715,0.79295411836171,-0.269926479528687,0.787216815325569,0.959320979318533
"chr6:828602-872927",0.966397476477956,-1.33569664885317,2.45982247049443,-0.543005304193636,0.587126150413161,NA
"chr9:45203455-45205627",8.10161287114799,0.0538527665742771,0.587291894029159,0.091696764627239,0.926938968016685,0.988190455432406
"chr10:18359720-18435415",1.06660743479621,-1.51496648340091,2.1438206322708,-0.706666621542965,0.479773676921038,NA
"chr3:62719200-62733674",8.66875367802727,-0.471193858206354,0.527844749430928,-0.892675088109432,0.372031194930515,0.847517130202294
"chr2:140357774-140387503",5.89150272941482,-0.275197042523557,0.687653323451403,-0.40019735692153,0.689011161195394,0.93559772637995
"chr8:123340909-123344508",3.50944818714318,0.446590880846663,0.842613988004034,0.53000648838567,0.596107432169737,0.911576821824109
"chr1:247711959-247745292",2.14573970141962,3.25921416430588,1.54935205154255,2.10359818548727,0.0354135123761013,0.371841879949063
"chr1:265331904-265401005",4.02704156618446,0.284698856273684,0.759195115080701,0.375000906378884,0.707659792571457,0.944848978468864
"chr20:47520846-47547367",1.30618497601219,-1.52744497280435,2.07815753759159,-0.734999606706681,0.462339733644938,NA
"chr17:55367271-55376891",1.08291994744802,-3.27161851957926,2.02701006176546,-1.61401197817923,0.106524828168272,NA
"chr1:137247124-137264458",6.4536833812047,-0.747076357910399,0.607415890914923,-1.229925606301,0.218724964396655,0.739008852478798
"chr2:4961753-4991265",1.60957650606503,-0.754870116150728,1.6948589159476,-0.4453881730496,0.656039257694696,NA
"chr4:125734597-125789911",2.01841008300168,-1.91940999385017,1.51474578094648,-1.26714991914408,0.205101689022271,0.721314255917885
"chr2:258868022-258932200",4.81188146135599,-0.475573664186452,0.754758539473834,-0.630100408692281,0.528628892320391,0.897055804749136
"chr3:55888291-55898385",4.06789359841886,-0.261181549335567,0.837721388838203,-0.311776149941436,0.755210650808189,0.951866267770906
"chr11:45057153-45059922",1.65001313251509,-2.28992342046274,1.72236115527371,-1.3295256999098,0.183674592718508,NA
"chr3:81909221-81910484",1.34093511816959,-3.59049491532354,2.18738190383235,-1.64145772122962,0.100702436471486,NA
"chr1:165366392-165367044",1.65234653610384,1.74326493361214,1.66000586292774,1.05015588953256,0.29364644617867,NA
"chr18:1655301-1680976",1.8118702480178,-1.32555163083667,1.58004054305181,-0.838935201166673,0.401505673009445,NA
"chr9:54232163-54248877",8.27833148286357,0.896866379393147,0.560273327715768,1.60076579595475,0.109428801998295,0.549155568851739
"chr6:60609626-60618957",7.06880916239486,0.0410669777590415,0.585977482954094,0.0700828597576995,0.944127709086335,0.988190455432406
"chr3:128828512-128865813",0.268991645144023,2.04079524312168,3.52318863342662,0.579246658484142,0.562422752052582,NA
"chr1:235777942-235780409",0.203048121098882,-0.859804127123077,3.52848718865857,-0.243675003238413,0.807482534415386,NA
"chr15:36823412-36828644",2.26017768099629,-0.262774766751683,1.26472108902419,-0.207772898730129,0.83540629449756,0.978823684110875
"chr17:599906-610676",2.57883057807963,0.384114702066999,1.18456968775648,0.324265179193041,0.745737279589162,0.948821155327121
"chr1:128239552-128242835",0.711982526077278,-2.66382889128607,3.08068338911849,-0.864687653621005,0.387210247755081,NA
"chr6:43254770-43284828",0.827609991119006,-2.87911133322965,2.84563010761351,-1.01176583897063,0.311650027140471,NA
"chr4:182811463-182817396",26.7296598195209,0.0411995122410631,0.290591256388279,0.141778224001391,0.887255185025256,0.985438020796969
"chr13:99142309-99146830",1.37426400161622,-3.61552655131014,1.94769493552329,-1.85631049573929,0.063409313927425,NA
"chr1:236196243-236198026",0.753606543737791,0.213698556454753,3.04813767679056,0.0701079082096318,0.944107772351684,NA
"chr3:152322366-152324968",1.21747555138461,2.36787054513347,2.1494390277051,1.10162256970908,0.270625792041502,NA
"chr12:30756722-30761953",0.786832105769905,-2.81098028822406,2.65650209092464,-1.05815097899872,0.289986615994293,NA
"chr5:167486001-167526275",14.7781862869633,0.252759010059195,0.392201571128598,0.644462002872289,0.519275889501986,0.897055804749136
"chr17:65750062-65781009",1.87165401914014,-1.37599834808299,1.5459317534548,-0.890077032836639,0.373424524340599,NA
"chr1:41787939-41796360",1.33025616020717,1.80426347641706,2.00746117916984,0.898778763514217,0.368770513853769,NA
"chr9:30314001-30334017",1.05073551501741,-3.23112764341242,2.47531182032863,-1.30534166115017,0.191776533877701,NA
"chr17:55297976-55307299",3.48216889699829,-1.51228924782315,0.927586918537093,-1.63034775243294,0.103028020449159,0.54038169235108
"chr1:142849916-142852148",4.80111865774508,0.329663544882918,0.703983843836482,0.468282827467119,0.639582347199634,0.927546428215114
"chr9:112023471-112027242",5.28709341096002,-1.5504881375516,0.791169261369278,-1.95974264074437,0.0500258785199476,0.401678377527815
"chr13:86444740-86451001",0.567161488664641,-2.34228882448203,3.38014931479587,-0.692954247384625,0.488338264476499,NA
"chr8:103809557-103825693",3.09825623376604,-0.279384221600494,0.924407927920054,-0.302230447362256,0.762476395220475,0.952223494488516
"chr4:28474639-28514174",2.59281507937375,0.354531615182214,1.10168476270495,0.321808585526532,0.747597709713113,0.94926135265481
"chr4:115636561-115643263",4.43644942209272,-1.43638531658377,0.774979582835974,-1.85344923711078,0.0638179956657997,0.443123748682658
"chr4:180928263-180929730",0.406096242197765,-1.85312761238262,3.45765304318415,-0.535949555735665,0.591993414045526,NA
"chr9:45203455-45207736",1.51297416595702,2.70845107785683,1.7948410912185,1.50901998572926,0.131293675480283,NA
"chr13:51600243-51605683",2.71228947805808,-0.69057735213612,1.13830001497071,-0.606674288899041,0.544067088332622,0.899093917159841
"chr13:56114438-56183125",1.55963388791605,0.0363874979135927,1.55243856213043,0.0234389294373477,0.981300152326891,NA
"chr8:70339051-70347005",0.859053481000152,-2.94116599005905,2.52632429747013,-1.16420761697314,0.244339884170222,NA
"chr10:110660436-110690679",1.02805610791505,0.602771822739528,2.56473446397645,0.235023091554269,0.814190810658688,NA
"chr2:49146786-49170023",1.08890953359155,-1.56897354672664,2.11939453055394,-0.740293288534894,0.459122052445437,NA
"chr6:60609626-60633969",1.40226313679301,1.77726989327386,1.98378242127671,0.895899607846136,0.37030638363511,NA
"chr2:183529282-183555315",1.26142858339005,-0.135778329210958,1.9102251973698,-0.0710797498629545,0.943334284668087,NA
"chr4:150825383-150829741",1.16428271376407,-3.37815442143483,2.11422571000089,-1.59782108667736,0.110082800348161,NA
"chr7:60733754-60737965",6.49719062991547,0.227297783580328,0.588154492709596,0.386459317063412,0.699156526965174,0.941608770531283
"chr17:19160994-19321551",4.86158112685873,0.707826438342878,0.808127823845774,0.875884256743476,0.38109295891807,0.847517130202294
"chr4:182811463-182826795",2.09935888246447,1.35570331091313,1.46301176099743,0.92665236675121,0.354107056399598,0.841007582407382
"chr15:23792824-23801848",0.418909882146281,0.582748869879249,3.5242088606502,0.165355940275269,0.868663830784812,NA
"chr6:21539861-21540152",3.84806719946539,1.99039622295888,0.970466217514702,2.05096909818886,0.0402699561876712,0.384652629842431
"chr1:259434763-259459540",0.756215318219521,-2.75731952578356,2.97395160096141,-0.927156825582561,0.353845115523577,NA
"chr7:62929510-62978098",1.69900017845479,0.346584395854654,1.62905121852511,0.212752301409184,0.831520169877931,NA
"chr1:174772242-174778064",0.646863968815469,-2.53385025966434,3.21281022058112,-0.788671003171182,0.430304319875045,NA
"chr10:71546978-71557193",6.49648490828014,6.48048224774719,3.39070051635004,1.91125173588707,NA,NA
"chr1:278580846-278687323",0.472039766242905,0.554468726230777,3.51784759113039,0.157615903437309,0.874759471091384,NA
"chr6:27858538-27889650",1.14767964773834,-0.841225177817569,2.20260947360792,-0.38192207374811,0.702519166694765,NA
"chr11:68745884-68750272",2.04063874605118,-0.350932858258731,3.05681409107658,-0.114803467859943,0.908600900278874,0.988190455432406
"chr8:53075010-53143722",3.08455899502876,-0.947919225814458,1.00777550597373,-0.940605541805231,0.346907040898752,0.841007582407382
"chr4:117422680-117446827",8.14091195023699,-0.660848133439981,0.563520210248081,-1.17271416609717,0.240910448660428,0.753090502802719
"chr17:55367271-55374136",4.37949363837902,-0.550987707077637,0.878952994989437,-0.626868228697779,0.530745614911861,0.897055804749136
"chr17:16124900-16143144",1.9846631758939,-0.673726705946733,1.53116197395533,-0.440010082151106,0.659929805140174,0.928913526315867
"chr20:27409750-27415954",18.0740546509795,-1.31115279549306,0.380107728189117,-3.44942419808081,0.000561783430706156,0.0311220571880084
"chr2:247883196-247883725",2.02625004489375,-4.16957845619607,1.50495440276286,-2.77056796441232,0.00559586205581112,0.114005249346003
"chr1:233464787-233469856",1.02866958175991,0.123315981281631,2.35749691653466,0.0523080138161521,0.958283267958649,NA
"chr17:5537447-5564210",0.985077159846797,-0.87863308343856,2.43706886458348,-0.360528623629487,0.718451855232613,NA
"chr1:135860270-135871550",1.2684749042996,-0.585875624020154,1.89659649997887,-0.308908945063793,0.757390792202337,NA
"chr6:124651885-124677509",4.29683637656194,0.581781252940493,1.63498804422458,0.355832114488894,0.721966297197791,0.946854791937773
"chr4:181372550-181375305",0.651260688564357,-0.518158095194826,2.99294122998422,-0.173126718962523,0.862551823363616,NA
"chr1:166351174-166378796",2.79034293245434,0.0575707037528666,1.12033458347694,0.0513870629381063,0.959017093433655,0.988190455432406
"chr6:21268305-21308087",2.10433163947311,2.73817662930421,1.47277186645028,1.85919943996748,0.0629988741819433,0.443123748682658
"chr4:176836840-176879489",1.4472686504521,-1.97331219164698,1.81850129738867,-1.08513103316485,0.277863624374178,NA
"chr18:48443339-48443646",6.73566419025241,-0.420947139147702,1.21050194856513,-0.347745940968268,0.728030991457094,0.947142759447761
"chr3:175512077-175535023",1.65998899126234,-3.88936001751821,1.62256797803156,-2.39703979751692,0.0165281284332474,NA
"chr6:125538240-125569718",6.72128248666835,-0.0176015343302516,0.607789501383336,-0.0289599183437528,0.976896557703652,0.988190455432406
"chr19:34249087-34253181",4.58175028733127,-2.32814879152227,0.868375577186554,-2.68103900280709,0.00733939611247662,0.133577009247074
"chr10:96672236-96679543",18.0885737227124,-0.501321468292705,1.08407857933644,-0.462440156874572,0.643765707651384,0.928463468626939
"chr3:8562492-8564186",0.721831656475571,3.29261085468802,3.37108247934612,0.97672212853323,0.328706736903107,NA
"chr5:136437825-136471341",21.9082814997448,0.0277712729797137,0.322363133086996,0.0861490354488492,0.931347943831804,0.988190455432406
"chr1:143712491-143718900",6.45635189466291,-2.12498093455544,0.712097391534429,-2.9841155996605,0.00284399301800601,0.0791837442664112
"chr10:4624614-4625498",0.674738513920195,0.146330035586627,3.23678476692228,0.0452084541060683,0.963941155739471,NA
"chr16:19734284-19735661",0.611772567759026,-2.44473081381139,3.29323274242094,-0.742349844370308,0.457875399402527,NA
"chr2:62377060-62387269",0.203048121098882,-0.859804127123077,3.52848718865857,-0.243675003238413,0.807482534415386,NA
"chr8:5246848-5260696",2.2920326131744,0.4332904476351,1.08565763166168,0.399104132830453,0.689816477187836,0.93559772637995
"chr10:66891013-66900528",2.02712477964773,1.67950817093071,1.281891079787,1.31018009050331,0.190134919326121,0.702465859311916
"chr2:195761079-195795666",0.479631719659202,-2.09943001024662,3.44610472219664,-0.609218285423545,0.54237976168248,NA
"chr16:23555919-23573530",0.36471113916928,2.25488764372646,3.51414447328908,0.641660484042646,0.521093651882491,NA
"chr13:100347405-100353039",6.07040571973297,0.00357612321888364,0.630936402295804,0.00566796147103118,0.995477645265086,0.996853543055016
"chr9:111597035-111632154",2.31469425671698,0.144154241326023,1.16561980529331,0.12367175014648,0.901575180029239,0.987680674751133
"chr17:18304439-18311110",0.969936274704967,-1.34211940415201,2.46472898864801,-0.54453021420753,0.586076662553813,NA
"chr4:115840469-115843272",12.2922796375373,0.040438217573299,0.45643836279433,0.0885951332524614,0.929403675978871,0.988190455432406
"chr4:28488037-28495139",4.6288227835393,-0.305401990104236,0.696264376195962,-0.438629349059619,0.660930127452932,0.928913526315867
"chr8:48582552-48597919",0.827609991119006,-2.87911133322965,2.84563010761351,-1.01176583897063,0.311650027140471,NA
"chr16:2117271-2128403",3.75860039452374,-1.25080756348305,0.920733711514884,-1.35849002576987,0.174308245388586,0.687884800332602
"chr12:587083-591296",1.76322634916269,-0.638064544463138,1.59577945946047,-0.399845066735515,0.689270634905096,NA
"chr15:48443441-48448185",0.306543334995108,-1.44531416743121,3.48156347565664,-0.415133654042775,0.678044064140115,NA
"chr6:76591791-76599536",130.232965494361,0.75804143577454,1.22220228287139,0.620225838552378,0.535109112489831,0.899093917159841
"chr10:85164768-85171060",1.21855114601815,0.180396401635015,1.93913276367721,0.0930294227471699,0.925880186602475,NA
"chr1:214562895-214581660",1.73007672740582,0.43617756684865,1.48460127644476,0.293801153056518,0.768909853941872,NA
"chr17:9912158-9929565",12.7942158327081,-0.306307028223833,0.440368702190509,-0.695569477803897,0.486698486355039,0.891574348704408
"chr1:150871108-150887461",1.63530983889736,4.502361407221,3.41213781749771,1.31951335146328,0.186997549512297,NA
"chr6:76491315-76492176",2.22156824476157,1.51453917269948,1.20748530199763,1.2542920151441,0.209735885149101,0.726623053879499
"chr18:79530861-79532387",3.62454116901725,1.34740590476252,1.00322832751358,1.34307003481645,0.179249297335158,0.688884069584028
"chr8:508994-509712",21.024334041709,0.88852966040935,0.363365200185522,2.44528001018176,0.01447397193582,0.197569716923943
"chr7:137303361-137316375",0.832487229264626,-1.0467194916541,2.44557054465186,-0.428006255613085,0.668646565985623,NA
"chr6:43278166-43284828",0.604766172373189,3.05568504590464,3.30333936447021,0.925029101996221,0.354950769729252,NA
"chr3:150348098-150382703",2.96047903567443,0.246082875251168,0.933748563605174,0.263542975960305,0.792132103866476,0.959320979318533
"chr4:58367537-58373171",0.306543334995108,-1.44531416743121,3.48156347565664,-0.415133654042775,0.678044064140115,NA
"chr13:105693583-105701842",1.98591210749254,1.02612740987373,1.48619686942203,0.690438414308315,0.489918526379227,0.891574348704408
"chr9:71965845-71982423",0.820987691547299,-2.86749541154327,2.60281360457659,-1.1016906498803,0.270596183259585,NA
"chr10:65025196-65026738",2.05701553924235,0.450344381692495,1.24085051375927,0.362932018562119,0.716655667812453,0.946854791937773
"chr1:264674065-264689905",3.09862166616262,1.03699288553085,1.08930535617507,0.951976302744069,0.341109000141185,0.841007582407382
"chr15:23792824-23793342",52.690083415667,0.314967687036297,0.240530710470105,1.30946974056123,0.190375281232914,0.702465859311916
"chr9:113534327-113546234",1.9054947138562,-1.79728440583536,1.44692146872636,-1.24214371317429,0.214183542702579,NA
"chr20:5972508-5975676",3.17059033729235,-0.484503323941001,0.881303606651555,-0.549757564004344,0.582485668531577,0.903237156981145
"chr5:139401645-139421497",0.523037809470682,-2.21575514023847,3.44128748321141,-0.643873884715592,0.519657217672185,NA
"chr18:71790177-71829886",0.418909882146281,0.582748869879249,3.5242088606502,0.165355940275269,0.868663830784812,NA
"chrX:52581092-52617512",1.51468743545297,-3.75108927856811,1.71617103823153,-2.18573160541941,0.0288352471727014,NA
"chr4:168213382-168221653",1.01311332805454,3.83084718716219,2.50758495751478,1.52770384735394,0.126586084461118,NA
"chr14:43420836-43461320",1.37177824280874,1.24126066041314,1.99275979810508,0.622885237645528,0.533359939646068,NA
"chr3:33465220-33473531",3.20230526900483,-1.83614200065452,0.990274381239364,-1.85417499981825,0.0637141275343526,0.443123748682658
"chr17:78922772-78942311",3.87551962798389,0.1717946139185,0.870142527569575,0.197432729093642,0.843488919529486,0.980781603302298
"chr15:55151603-55154467",3.74245423313713,-1.38756195605121,0.872554249035623,-1.59023001444872,0.111782967327206,0.555048231676242
"chr10:13944932-13945211",1.49975770659799,0.944335848309549,1.74941616435516,0.539800573214456,0.589334571727437,NA
"chr4:131439626-131453028",16.6591386485243,-0.15276854789432,0.376841216413377,-0.405392354234257,0.68518913016479,0.93559772637995
"chr1:23995884-24002194",0.629907473381809,3.11047621534048,3.25051101114664,0.956919144305019,0.33860806752484,NA
"chr11:33952127-33953096",0.209215123788273,-0.864529267836178,3.52826081804341,-0.245029863839715,0.806433308056728,NA
"chr3:81127393-81143240",181.142788014306,0.0777035840734753,0.15812434530958,0.491408099880796,0.623137836516097,0.919549347939971
"chr1:233578229-233581182",0.408724446660144,-1.86160677445411,3.45722256541783,-0.538468883396613,0.59025338178926,NA
"chr2:5636554-5640909",11.9903508127114,1.50503878859368,0.529560120965394,2.84205462044607,0.00448238114063943,0.10103498792289
"chr8:97590300-97605993",1.79183838483303,-0.97857580679973,1.49005977928123,-0.656735937984829,0.511350722166276,NA
"chr5:14282912-14314250",1.27861774116013,4.14607938576445,2.19301987006484,1.89057994519761,0.0586804394422236,NA
"chr14:54840654-54869803",0.757529420450711,-2.76049574767108,2.70440619427832,-1.0207400624623,0.307377608304448,NA
"chr6:10961830-10979314",2.93175449441208,0.294984717512209,1.04814878342048,0.2814340122111,0.778377533897867,0.955627284144572
"chr9:111597035-111618959",1.1288451287736,-3.32745040578475,2.40495737570948,-1.38357978373863,0.166487162048464,NA
"chr15:34277381-34277914",2.58243064154359,0.572189661058851,1.07915091922665,0.530222094856667,0.595957953617782,0.911576821824109
"chr3:21828368-21904269",1.65376270906088,-2.01678786528338,1.58415772814192,-1.27309789262518,0.202983306675859,NA
"chr10:59294314-59298784",13.3232764796916,-0.443727837780696,0.449985754125537,-0.986093078975351,0.324087439594139,0.836168895446201
"chr12:36930749-36931726",1.07618360989304,-1.07959180397643,2.54755891316461,-0.423775010029248,0.671729904783379,NA
"chr17:48705876-48709477",0.622792470906618,-2.46870564859829,3.2704296244722,-0.754856680029218,0.450334980726909,NA
"chr17:63700912-63716786",1.66087818832869,-2.02440409900024,1.60642435533642,-1.26019260868109,0.207599888569837,NA
"chr3:157039863-157040380",24.2383134363314,-1.19111089974826,0.321385145182289,-3.7061790739353,0.000210409556191965,0.0212771379033352
"chr9:61618320-61623019",2.70796608759521,0.410544178284455,0.978478888513162,0.419573874412654,0.674796777087261,0.931342366758454
"chr15:6286850-6464312",0.437648845027196,-1.97817575980926,3.45154878214992,-0.573126988683927,0.566558714749285,NA
"chr1:154406807-154418787",3.76612759380185,1.64351305680483,0.916764122106635,1.79273274026932,0.0730156687506625,0.467817877447452
"chr14:44036919-44051943",2.79490393692329,-0.470431907078419,2.25221269113888,-0.208875435667905,0.834545480689712,0.978823684110875
"chr1:204773090-204780713",1.9976406872619,0.0593141919996619,1.26092296894211,0.04704029782995,0.962481110037631,0.988190455432406
"chr2:113788385-113806098",0.204362223330072,-0.864529267836178,3.52826081804341,-0.245029863839715,0.806433308056728,NA
"chr1:127881908-127887913",3.29507697076558,-1.14115092550295,1.07672703716761,-1.0598330738539,0.289220547304653,0.815285250339026
"chr1:247931326-247960553",1.3612914912755,-0.0718328909759209,1.83210369885614,-0.0392078739979452,0.968724655922622,NA
"chr3:91713775-91725977",3.66658603266248,-1.64196859336518,0.885375134726767,-1.8545456371687,0.0636611373519658,0.443123748682658
"chr5:128327978-128337440",6.9435275846134,-1.10216093127674,0.598942467098524,-1.84017830062372,0.065742064651038,0.447567215337257
"chr15:51920572-51944899",1.29064541493137,-0.0917458315947726,2.03907081239975,-0.0449939408856519,0.964112138537743,NA
"chr10:51724607-51729490",1.49310478851223,-1.48761727393429,1.7759254727159,-0.837657490018031,0.402223094726644,NA
"chr3:111713473-111723079",2.52664168515055,-1.45123761840484,1.20858532998647,-1.20077381579758,0.229838951488386,0.748759352700827
"chr6:123404372-123405248",2.54416627001679,0.91893489432708,1.10615298264885,0.83074846675055,0.406115740271554,0.865944412820686
"chr13:83862000-83863692",1.97525469703269,0.0815457901694625,1.38082841666549,0.0590557010453074,0.952907742468021,0.988190455432406
"chr5:59143243-59144331",1.37461018555025,-3.61608879373377,1.93630383853869,-1.86752136816647,0.061828815660604,NA
"chr17:694609-764010",2.74197445817842,0.551576089106277,1.14240433812542,0.482820373398932,0.629223283585542,0.92353740010136
"chr5:50318351-50323609",4.61976031722204,0.850553282704198,0.696434159330024,1.22129747846148,0.221973407783424,0.741368556801169
"chr1:150830996-150887461",1.05783842780398,2.11176005812134,2.55461757568634,0.826644300195884,0.408438700354061,NA
"chr14:114139416-114142680",1.13055610313572,0.790861314576472,2.43631973646405,0.324613105061607,0.74547390753158,NA
"chr10:43504523-43509133",3.48966058586902,-0.480045333455653,0.892685671230939,-0.537754048178807,0.590746860001753,0.910123548422565
"chr1:246472167-246476440",1.54209625977595,2.73469114074805,1.91809551241679,1.42573251594878,0.153945566906931,NA
"chr4:152265847-152274059",2.48082975130177,1.06693939393374,1.20563767120117,0.88495857372369,0.376178974736208,0.847517130202294
"chr8:45691134-45747011",2.34071620749907,-0.773543772672027,1.15299946524111,-0.670896904978416,0.502286208171201,0.891574348704408
"chr2:34373875-34476222",2.3828264039691,2.35126275339004,1.29458934376224,1.81622285454396,0.0693361936035668,0.455018770523407
"chr5:122569106-122593611",0.877786635019077,-0.605459266804023,2.59728681477021,-0.233112209002451,0.815674274631878,NA
"chr2:93575111-93581750",1.72541474942553,-0.553038384449535,1.51393264507336,-0.365299200231418,0.714888075341522,NA
"chr1:244657648-244664389",2.07544031766352,-0.771882705276726,1.36080489898903,-0.567225107618421,0.570561251827714,0.903237156981145
"chr9:66618610-66620541",3.74920614567427,1.25284117263382,0.834622793435522,1.501086697473,0.133333139003814,0.612135878519607
"chr19:38057557-38062193",2.05516143918125,0.751822640152596,1.43924383860552,0.522373360222986,0.601410400451197,0.912263527159637
"chr4:2546232-2564215",5.17241111187541,0.0539986955898948,0.64663242787069,0.0835075589507756,0.933447967214139,0.988190455432406
"chr1:200606971-200615170",2.47117528956004,-0.0604684076618248,1.1208931439978,-0.0539466299581037,0.956977685395943,0.988190455432406
"chr1:217835316-217835648",0.466951530346389,-2.06366560470385,3.44766407909229,-0.598569221757584,0.549460185606783,NA
"chr4:147692061-147692909",0.569132642011425,-2.34692447970785,3.37615135926044,-0.695147885852474,0.486962627790963,NA
"chr19:34270069-34312530",4.18470530263499,0.420303896998102,0.857900115404661,0.48992171635255,0.624189295342945,0.920106250694515
"chr2:152807002-152807924",1.45111831586067,-1.97700943320672,1.82365573167681,-1.08409136596681,0.278324290649998,NA
"chr1:278679022-278701866",1.25412808450289,-1.71507530785914,1.94814203195045,-0.880364613940408,0.378661819682677,NA
"chr4:95892497-95912787",3.40319471710479,0.730727308244101,0.886589445120501,0.82420032436184,0.409825742773743,0.867305641683967
"chr6:8249799-8261060",1.02646226287528,-3.18929074499091,2.28594644882909,-1.39517299131156,0.162963679514041,NA
"chr14:43420839-43461320",6.62501663205024,1.22772625609877,0.591998030037275,2.07386882017405,0.0380914954955121,0.384652629842431
"chr17:79573257-79612177",5.12316581594099,-0.476431609271026,0.685645176080411,-0.694866128854893,0.487139201122154,0.891574348704408
"chr6:109742370-109745287",5.69430066172611,0.541268316223702,0.632834034666989,0.85530847990584,0.392380394254318,0.855278484517607
"chr17:55257392-55263683",0.618394867330733,-2.4591649446778,3.27419412122401,-0.751074876329714,0.452607594753995,NA
"chr8:63332376-63335340",2.07422038192554,1.81280709074681,1.46064290096635,1.24110218147603,0.21456800379571,0.730387344591381
"chr2:34476081-34534125",1.08000347794407,-0.0925468796948987,2.08581703159579,-0.0443696059112597,0.96460978874889,NA
"chrX:63177769-63195572",7.77244629428576,0.0561003428753024,0.533018633424503,0.105250247097128,0.91617724067959,0.988190455432406
"chr3:7456433-7475230",3.5412969481355,-0.491089768835913,0.893604004143391,-0.549560841892905,0.582620623095412,0.903237156981145
"chr11:70797120-70799636",0.663941761704166,-2.56900516130373,3.17004612187251,-0.810399931905803,0.417710356994353,NA
"chr2:247883196-247894081",23.0410966476695,-0.222666012952671,0.323526512937586,-0.688246570368801,0.491297521661254,0.891574348704408
"chr4:144584805-144605764",1.64588558677006,-3.87826021728992,1.75740633162625,-2.20680906145427,0.0273274017361294,NA
"chr1:61388743-61406321",0.539770677180158,0.877550447466401,3.5114417701031,0.249911718581805,0.802655620606899,NA
"chr3:58866313-58874195",0.907149258559783,3.64055120272295,2.68918880703731,1.35377300143301,0.175808809704347,NA
"chr12:13879069-13884323",2.92146558800459,1.7814955254402,1.13074290033179,1.57550891977076,0.115139021207099,0.561717636329432
"chr13:82185980-82190210",2.08303455941216,-0.498930437634173,1.47345569750214,-0.338612445884853,0.734901705490905,0.948776041121522
"chr5:127620259-127635191",11.8326923788621,0.400956648336474,0.454714712641635,0.88177628123608,0.377897800554322,0.847517130202294
"chr11:70086253-70096544",14.160598268096,-0.117684928851975,0.410644100585046,-0.28658619150819,0.774429188710594,0.955627284144572
"chr13:110837569-110856315",3.69857680693809,0.140075180587844,0.828998936928175,0.168969071428352,0.865820968990792,0.984990341532587
"chr9:112406660-112412113",5.43560308284731,-0.589457338734951,0.719077540779974,-0.819740994963596,0.412363774555339,0.869632712935665
"chr6:147114190-147123388",0.516870806781292,-2.19984044303666,3.44192423018033,-0.639130990667221,0.522737720733117,NA
"chr13:83862000-83865745",1.74681911052657,-1.25331134516586,1.51146084317452,-0.829205302158895,0.406988245213946,NA
"chr9:81204850-81208345",2.5995724074501,-1.03122936997386,1.11464356257321,-0.925165142113426,0.354880012399895,0.841007582407382
"chr11:60943399-60956337",1.28305028935573,0.650388909571238,1.87665914594073,0.346567415280526,0.728916329229558,NA
"chr16:26755422-26767549",1.03476739702473,3.83358908128615,2.48691718781239,1.54150250763209,0.123194533094251,NA
"chr16:21223068-21238306",2.59300938739047,-2.08349258271289,1.24617474499817,-1.67191045322938,0.0945419811968391,0.534692886869162
"chr2:199880862-199882743",5.24426629606396,0.20810309385881,0.687322976210973,0.302773370106186,0.762062578998398,0.952223494488516
"chr6:29032002-29074704",0.873047772544154,-2.96261198686641,2.50595853382903,-1.18222705877724,0.237115618768288,NA
"chr5:157901413-157903058",0.406096242197765,-1.85312761238262,3.45765304318415,-0.535949555735665,0.591993414045526,NA
"chr2:124187476-124205983",2.17528848688322,-1.11754955581179,1.35222675112929,-0.826451299590461,0.408548133228221,0.865944412820686
"chr19:34270069-34298610",7.43795720712888,-2.6547029367299,0.739191785277273,-3.59135881865099,0.000328958362285124,0.0237132393694172
"chr1:275999821-276141673",21.3008345450459,-0.0426893162931765,1.5222137464339,-0.0280442325482772,0.97762687253434,0.988190455432406
"chr8:22804233-22805257",3.62194991965594,-0.830504613810157,0.864878703921884,-0.960255594274834,0.336926593009976,0.841007582407382
"chr1:81437928-81438850",0.576411992698727,-2.36388439386218,3.36135630905587,-0.703253144420783,0.4818980051833,NA
"chr16:2115374-2128403",3.56264492876548,-2.90199175393628,1.11766397292453,-2.59647964346815,0.00941844864038274,0.16070227992653
"chr18:77466020-77489468",1.00006566235492,-1.41322875293317,2.40577840811324,-0.587430973761842,0.556914296579283,NA
"chr10:61882916-61885796",9.06642688962269,0.61519557313685,0.51014481968427,1.20592339547346,0.227847028886205,0.744045919688206
"chr1:164931730-164947123",25.9490596569005,-0.119614973012453,0.297798471729599,-0.401664160053393,0.687931204300776,0.93559772637995
"chr6:19003638-19012898",11.9461908068228,-1.37648724227961,0.505799837034859,-2.72140704977084,0.00650046632022666,0.121934785969408
"chr11:60646798-60656478",3.50500392229043,0.0453012097900483,0.91963182418289,0.0492601589014161,0.960711969540569,0.988190455432406
"chr19:34292209-34346224",2.4147761692674,-2.71875467342861,1.35815029658663,-2.00180692833593,0.0453055005233085,0.387176620034621
"chrX:157320211-157323891",1.30724627420718,4.19701763647713,2.1618192857388,1.9414285292782,0.0522063206381287,NA
"chr2:27326041-27333634",5.32227763521828,0.291093008305788,0.684557421621227,0.425228036555936,0.670670447855639,0.930208821516241
"chr6:128494579-128496573",0.569132642011425,-2.34692447970785,3.37615135926044,-0.695147885852474,0.486962627790963,NA
"chr11:24547990-24550752",4.26680696320044,-0.624371886276738,0.736938061030607,-0.847251511753315,0.396854947051011,0.857131333425047
"chr7:18434485-18435878",1.8412245269818,-0.655417444139839,2.96268340202711,-0.221224260307866,0.824917820200402,NA
"chr9:65976760-65980632",1.79941300918016,1.89986267993944,1.46857956309278,1.2936736474382,0.195778171606564,NA
"chr1:247743814-247766953",2.37157282966255,-0.954798087326295,1.2607453619536,-0.757328256870821,0.448853226058521,0.878445961333827
"chr2:183520240-183555315",0.209215123788273,-0.864529267836178,3.52826081804341,-0.245029863839715,0.806433308056728,NA
"chr6:125438435-125594377",12.5958998789265,-0.980445533169307,0.468730261670684,-2.0917052158628,0.0364648936458617,0.377080150201524
"chr2:34373875-34503654",2.97490109580971,3.76667573095198,1.30756883973327,2.88067107175814,0.00396829535285828,0.0999946077155726
"chr8:117144403-117150102",2.36910804169313,0.537025545198367,1.12712039125323,0.476458015812539,0.633748111147509,0.926195044664186
"chr18:14595550-14643454",2.37844850338358,-2.85663765718521,1.40984395452988,-2.02620839562189,0.0427434336595368,0.387176620034621
"chr17:70309152-70310609",14.4627707674359,0.413395827802533,0.433465957835781,0.953698486189193,0.34023628666551,0.841007582407382
"chr17:16124900-16129065",14.6399907884756,-0.451478915931144,0.401751098580333,-1.12377767609481,0.26110735421569,0.784028861284212
"chr1:140044382-140158228",2.09427557078139,-4.22035343036079,1.46813473774476,-2.8746363135878,0.00404493123249171,0.0999946077155726
"chr5:144931944-144942704",2.87941266799354,-2.04741422554294,1.0789092129255,-1.89767053707076,0.057739496079208,0.425945450224054
"chr13:57044027-57047903",5.34737648832968,1.2388192276257,0.725291280863629,1.70802994646592,0.0876307860099718,0.522340711369482
"chr2:62955690-62973365",2.56861125030048,1.76319682338271,1.0993110555662,1.60391075342599,0.108733726155136,0.548623218629885
"chr4:96744220-96787475",3.63352594428547,1.64074349717898,0.994927586556838,1.64910845708594,0.0991254173671042,0.534692886869162
"chr2:208198684-208203924",1.43002203644775,-0.783473730156619,1.78934009618639,-0.437856241989119,0.661490497747357,NA
"chr2:226925637-226956810",0.681019554592863,-2.60329547081004,3.13509052247096,-0.83037330250937,0.406327755236292,NA
"chr5:148050939-148054556",5.94783010364981,0.0353198016869334,0.639934470326365,0.0551928413372082,0.95598483202949,0.988190455432406
"chr1:190980864-190991049",68.2748241036957,0.0867705200856552,0.208512647892746,0.416140320323821,0.677307327123832,0.932920788621625
"chr4:100779730-100783015",1.21923818031922,1.01453828307643,2.1328794685538,0.475666017716575,0.634312334446289,NA
"chr3:163592872-163595055",6.41110947608176,-0.296296247288169,0.656902116453784,-0.451050833703646,0.651952912071143,0.928913526315867
"chr10:108486117-108494849",4.44124597834254,1.41040229180271,1.6627736695208,0.848222652099836,0.39631398423083,0.857131333425047
"chr1:266201079-266206952",0.384274661799151,-1.77975633781923,3.46148317390987,-0.514160043080301,0.607140101081082,NA
"chr2:47139938-47146434",2.52461348819401,2.98785212918103,1.38868098564671,2.15157560308179,0.031430795356162,0.340500283025088
"chr1:45923228-45983943",1.69047053890212,-1.14248292596834,1.81548770298414,-0.629298080119424,0.529153928029576,NA
"chr10:45771832-45778634",0.262589307016317,-1.24909998425275,3.49563101511562,-0.357331760375012,0.720843456029211,NA
"chr2:29095988-29114770",1.83597766919151,-0.78495186334476,1.42523647880155,-0.550752015556609,0.581803682051833,NA
"chr18:31609901-31619788",2.17673539268346,-0.378258935706667,1.19390951289694,-0.316823789090052,0.75137731231078,0.950553047414997
"chr5:167455211-167455676",5.27688678020343,0.0920611483076891,0.639004031045029,0.144069745784126,0.885445394817744,0.985030940445168
"chr4:66193731-66232564",0.82958114446579,-2.88230377964683,2.84216518335935,-1.01412254168846,0.310524283112027,NA
"chr1:243079518-243080161",0.550393679130511,-0.111743676826552,3.47454847016503,-0.0321606326076793,0.974343950555118,NA
"chr10:16706378-16730140",4.18524827058413,-1.80663797409128,0.882292175981984,-2.04766405423522,0.0405929282871668,0.384652629842431
"chr5:103089622-103172127",3.07644030537248,-0.730596900697005,1.01704876729281,-0.718349920074837,0.472541557214306,0.891574348704408
"chr15:109125713-109141568",15.9703099815737,-0.422628046281675,0.394472087957772,-1.07137630058864,0.284000264591503,0.815285250339026
"chr10:94615617-94617077",4.05728867996397,-1.32054957566764,0.803817296946766,-1.64284792164046,0.100414402325459,0.534692886869162
"chr1:252539423-252547611",2.46630551216413,0.865237678406811,1.10459482329386,0.783307743401066,0.433446417147382,0.87136135405917
"chr11:15457479-15474826",0.822158842264662,-0.89660949211316,2.67366068850505,-0.335349020153522,0.737361819584186,NA
"chr9:20817077-20839897",1.78453788594587,-2.32968021020846,1.67337769372118,-1.39220226189811,0.163861158035902,NA
"chr6:828602-907083",2.34292354091685,-0.219881436195729,1.23825038015085,-0.17757429330968,0.85905731462179,0.984990341532587
"chr8:82337204-82340165",0.668685549214082,-2.57884547597994,3.16030790393706,-0.816010830073632,0.414493941576578,NA
"chr16:7126591-7138308",1.35145310622217,-1.60463251036106,1.89146034700998,-0.848356410377653,0.396239510581926,NA
"chr5:7763385-7780390",6.38249348668862,0.432311249828722,0.629391722149202,0.686871521526366,0.492163694452126,0.891574348704408
"chr3:56148805-56161165",2.49223476188111,-0.413703029553918,1.20172712945418,-0.344257044227518,0.730652985859701,0.947142759447761
"chr17:87758882-87760775",13.1338891504842,-0.999455502291388,0.854807565500173,-1.16921695903168,0.242316230097009,0.753854586101397
"chr20:31723858-31736111",3.04418574714128,-0.0370143733057243,0.976534566006587,-0.0379038024809402,0.969764381288075,0.988190455432406
"chr14:37228632-37254001",10.8201744914011,-0.180432455719602,0.456132740052084,-0.39557006080949,0.692422227282572,0.936637148718848
"chr12:43576497-43576734",4.96046629519322,2.21340169706723,0.771170928273027,2.87018301120863,0.00410234288063888,0.0999946077155726
"chr3:123819852-123838734",0.453065467923676,0.469071716032337,3.52133947836573,0.133208319991356,0.894028631087843,NA
"chr17:79382994-79565909",1.95465548023311,-1.94154319381628,1.42094023713127,-1.36637920658511,0.171819971805478,0.687884800332602
"chr1:225019523-225021984",1.3096197132506,-0.0171245171095203,1.71423983076391,-0.00998956902190818,0.992029609671419,NA
"chr4:58367537-58485447",1.76323400316858,-0.745707141403439,1.46931956378825,-0.507518690815516,0.611790925307143,NA
"chr17:5524117-5571375",5.21839190475386,-1.18266225245023,0.716852884040121,-1.64979771830567,0.0989843156165706,0.534692886869162
"chr1:142573744-142576627",1.22271253032872,0.0539034264607607,2.31684213584664,0.0232659038899354,0.981438169101779,NA
"chr10:55423343-55436069",0.583783984671022,-2.38125216443261,3.35165150726648,-0.710471288339488,0.477411929488287,NA
"chr2:226925637-226926225",19.5648543271076,0.683356761321426,0.37906371330659,1.80274908236527,0.0714276300173574,0.463247224375192
"chr2:247836113-247858291",3.43709819603196,-2.08042046803211,1.05900183971843,-1.96451072132722,0.0494708941782566,0.401678377527815
"chr4:66193731-66196279",1.47958336135907,-1.34472474121632,1.77381172718007,-0.758098912421845,0.448391770746954,NA
"chr14:82160730-82171569",0.770209609763523,-2.78209374365058,2.95030134432389,-0.942986298332908,0.345687911313895,NA
"chr1:260791756-260801171",2.76287433449845,-0.241535510504879,1.04962495425746,-0.230116013843964,0.818001621529572,0.970932359467709
"chr2:43012575-43027794",0.209215123788273,-0.864529267836178,3.52826081804341,-0.245029863839715,0.806433308056728,NA
"chr6:21301779-21315141",1.35136538997217,-3.59337148740893,2.14840298092531,-1.67257796573214,0.0944104075886018,NA
"chr4:58714647-58739890",13.6382536678879,-0.264113711190315,0.425780359453378,-0.620305059466311,0.535056964566355,0.899093917159841
"chr9:43974886-43977575",2.30898530279917,1.01790249570723,1.1645926197921,0.874041684970446,0.382095553089608,0.847517130202294
"chr19:34372674-34395489",2.33520219564625,-0.225684439098706,1.24033358880554,-0.181954629896013,0.855618331544824,0.984990341532587
"chr17:85036937-85057912",11.4214288997174,-0.166658888952805,0.446693526226687,-0.373094480147512,0.709078126772352,0.945206682660411
"chr7:124180911-124182706",2.52783018999697,1.19484790283478,1.12268896685678,1.06427330998008,0.287204905178138,0.815285250339026
"chr6:1613963-1614878",18.7962750971377,1.56923113551869,0.371481534143954,4.22425071312049,2.39737050660765e-05,0.00474642233373938
"chr14:10419799-10420720",2.58462716507209,0.404044204021936,1.11779081218235,0.361466742809495,0.717750562108973,0.946854791937773
"chr18:71141382-71149287",3.81254514143995,0.363417306393526,0.827075164248825,0.439400579418429,0.660371306755294,0.928913526315867
"chr4:27509136-27524886",14.7770536780637,-0.36776063261712,0.401291770615075,-0.916441999429591,0.359435115338932,0.841007582407382
"chr1:243014234-243018525",0.954951089475023,0.351150185893293,2.46858689979327,0.142247447688675,0.886884554967764,NA
"chr9:17795244-17796133",4.43208111001545,0.018650588768012,0.719657119514057,0.0259159372738585,0.979324388209883,0.988190455432406
"chr18:72593000-72595275",0.408724446660144,-1.86160677445411,3.45722256541783,-0.538468883396613,0.59025338178926,NA
"chr11:34612627-34616155",7.42135938329207,1.53303743807412,0.633927964289188,2.41831489448977,0.0155925766278552,0.210731357396262
"chr8:78521649-78538216",0.719918927880174,-2.67868020139195,3.056316312671,-0.876440763112958,0.380790466295578,NA
"chr18:2016346-2032491",1.49649729456637,-3.73575512237332,1.69752875990082,-2.2007021092188,0.0277571194063583,NA
"chr5:62081720-62093458",10.9894364988933,-0.523758572776687,0.515091767382202,-1.01682575017367,0.309236330053614,0.831836523128894
"chr3:162834006-162851494",0.750050178002256,-0.012406765458542,2.79189242384577,-0.00444385512585472,0.996454328274538,NA
"chr5:158071477-158074209",1.7693403406664,-3.98026496409174,1.56609506883933,-2.54152193138672,0.0110371021655409,NA
"chr1:225086648-225087197",0.745735965686751,1.3784421879062,3.09223698918037,0.445775078924844,0.655759725185816,NA
"chr1:21149313-21211619",0.306543334995108,-1.44531416743121,3.48156347565664,-0.415133654042775,0.678044064140115,NA
"chr18:2005294-2038143",1.1854423180121,-1.30671009735834,2.1959916148528,-0.59504330003825,0.551814527741375,NA
"chr10:776697-783836",5.66493534281869,-0.771029329039709,0.673597232704443,-1.1446444427096,0.252356474280437,0.768898632573207
"chr15:48268665-48284550",2.79215607804588,-0.807857908185054,1.09126613529585,-0.74029412446308,0.45912154533238,0.887678341896174
"chr1:175171303-175218889",1.57287192051361,-0.996854254691651,1.71986672463562,-0.579611338723267,0.56217674490914,NA
"chr9:30291177-30322372",0.801523373953215,0.693501609601572,2.95243682262232,0.234891261444711,0.814293132203408,NA
"chr4:58765341-58780524",0.243850344135403,1.96009575073012,3.52690144366078,0.5557557482229,0.5783778404602,NA
"chr7:76871323-76873445",1.88131201844963,2.37103669652052,1.70149792477237,1.39349961113688,0.163468762534908,NA
"chr1:251455609-251485480",1.99462707124553,0.631920716629372,1.36804756439348,0.461914287979842,0.64414278739173,0.928463468626939
"chr8:104199588-104202285",7.42559573719513,2.0838199181897,0.629238888283371,3.31165151580917,0.000927470004595278,0.0397520433406476
"chr12:9061581-9062262",19.3695467826325,2.65238187104144,0.419624934733984,6.32083951999394,2.6014608199488e-10,3.55099401923011e-07
"chr14:82168512-82184087",2.62702865230422,-0.26085570741123,1.04245986751996,-0.250230935059219,0.802408763342086,0.965011420230791
"chr14:32950889-32955257",1.34871405326407,-0.198228563135683,1.71654671348905,-0.115481018709223,0.90806386469065,NA
"chr2:247836113-247883725",7.23320889568902,-0.80603005076129,0.628438287294128,-1.28259220842801,0.199634981340944,0.719001977652741
"chr18:61328528-61340634",2.03050150746825,-2.40704512692951,1.4555821295893,-1.65366493446073,0.0981956111178215,0.534692886869162
